Default schedule
Rate	83.33
Tree Move	16.67
Rate Tried	% Accepted	Tree Move Tried	% Accepted	Rates - Dev	Rates - Tried	Rates - Accepted	Sample Ave Acceptance	Total Ave Acceptance	
0.0	0	1	1.000000	8.626343	0	0.000000	1.000000	1.000000	
817	0.009792	183	0.879781	8.626343	817	0.009792	0.169000	0.169830	
788	0.022843	212	0.891509	5.000000	788	0.022843	0.207000	0.188406	
828	0.031401	172	0.953488	2.679375	828	0.031401	0.190000	0.188937	
799	0.018773	201	0.910448	2.622579	799	0.018773	0.198000	0.191202	
813	0.040590	187	0.860963	2.315759	813	0.040590	0.194000	0.191762	
855	0.101754	145	0.910345	1.504201	855	0.101754	0.219000	0.196301	
832	0.412260	168	0.946429	0.774742	832	0.412260	0.502000	0.239966	
862	0.296984	138	0.898551	0.978052	862	0.296984	0.380000	0.257468	
831	0.274368	169	0.934911	0.978052	831	0.274368	0.386000	0.271748	
824	0.265777	176	0.914773	0.978052	824	0.265777	0.380000	0.282572	
836	0.294258	164	0.945122	0.978052	836	0.294258	0.401000	0.293337	
822	0.313869	178	0.932584	0.978052	822	0.313869	0.424000	0.304225	
853	0.342321	147	0.891156	0.978052	853	0.342321	0.423000	0.313361	
823	0.274605	177	0.909605	0.978052	823	0.274605	0.387000	0.318620	
847	0.305785	153	0.947712	0.978052	847	0.305785	0.404000	0.324312	
821	0.306943	179	0.899441	0.978052	821	0.306943	0.413000	0.329854	
835	0.264671	165	0.915152	0.978052	835	0.264671	0.372000	0.332333	
829	0.287093	171	0.935673	0.978052	829	0.287093	0.398000	0.335981	
830	0.266265	170	0.876471	0.978052	830	0.266265	0.370000	0.337772	
774	0.226098	226	0.920354	0.978052	774	0.226098	0.383000	0.340033	
844	0.261848	156	0.897436	0.978052	844	0.261848	0.361000	0.341031	
830	0.291566	170	0.900000	0.978052	830	0.291566	0.395000	0.343484	
829	0.295537	171	0.883041	0.978052	829	0.295537	0.396000	0.345768	
831	0.310469	169	0.911243	0.978052	831	0.310469	0.412000	0.348527	
802	0.285536	198	0.904040	0.978052	802	0.285536	0.408000	0.350906	
850	0.255294	150	0.913333	0.978052	850	0.255294	0.354000	0.351025	
811	0.308261	189	0.894180	0.978052	811	0.308261	0.419000	0.353542	
822	0.237226	178	0.938202	0.978052	822	0.237226	0.362000	0.353845	
843	0.278766	157	0.910828	0.978052	843	0.278766	0.378000	0.354677	
847	0.290437	153	0.875817	0.978052	847	0.290437	0.380000	0.355521	
819	0.262515	181	0.834254	0.978052	819	0.262515	0.366000	0.355859	
839	0.277712	161	0.900621	0.978052	839	0.277712	0.378000	0.356551	
781	0.244558	219	0.872146	0.978052	781	0.244558	0.382000	0.357323	
838	0.286396	162	0.919753	0.978052	838	0.286396	0.389000	0.358254	
810	0.282716	190	0.931579	0.978052	810	0.282716	0.406000	0.359618	
849	0.281508	151	0.933775	0.978052	849	0.281508	0.380000	0.360184	
844	0.306872	156	0.923077	0.978052	844	0.306872	0.403000	0.361342	
849	0.274441	151	0.841060	0.978052	849	0.274441	0.360000	0.361306	
821	0.263094	179	0.893855	0.978052	821	0.263094	0.376000	0.361683	
817	0.271726	183	0.923497	0.978052	817	0.271726	0.391000	0.362416	
823	0.317132	177	0.926554	0.978052	823	0.317132	0.425000	0.363942	
828	0.316425	172	0.936047	0.978052	828	0.316425	0.423000	0.365348	
838	0.325776	162	0.888889	0.978052	838	0.325776	0.417000	0.366550	
824	0.308252	176	0.920455	0.978052	824	0.308252	0.416000	0.367673	
816	0.323529	184	0.918478	0.978052	816	0.323529	0.433000	0.369125	
820	0.276829	180	0.922222	0.978052	820	0.276829	0.393000	0.369644	
828	0.248792	172	0.941860	0.978052	828	0.248792	0.368000	0.369609	
827	0.259976	173	0.895954	0.978052	827	0.259976	0.370000	0.369617	
827	0.279323	173	0.913295	0.978052	827	0.279323	0.389000	0.370013	
822	0.290754	178	0.893258	0.978052	822	0.290754	0.398000	0.370573	
805	0.313043	195	0.917949	0.978052	805	0.313043	0.431000	0.371757	
826	0.262712	174	0.913793	0.978052	826	0.262712	0.376000	0.371839	
822	0.284672	178	0.938202	0.978052	822	0.284672	0.401000	0.372389	
829	0.310012	171	0.935673	0.978052	829	0.310012	0.417000	0.373215	
825	0.247273	175	0.914286	0.978052	825	0.247273	0.364000	0.373048	
838	0.269690	162	0.851852	0.978052	838	0.269690	0.364000	0.372886	
808	0.347772	192	0.927083	0.978052	808	0.347772	0.459000	0.374397	
845	0.249704	155	0.922581	0.978052	845	0.249704	0.354000	0.374045	
806	0.305211	194	0.927835	0.978052	806	0.305211	0.426000	0.374926	
816	0.250000	184	0.929348	0.978052	816	0.250000	0.375000	0.374927	
835	0.264671	165	0.921212	0.978052	835	0.264671	0.373000	0.374895	
832	0.280048	168	0.946429	0.978052	832	0.280048	0.392000	0.375171	
823	0.292831	177	0.926554	0.978052	823	0.292831	0.405000	0.375645	
841	0.290131	159	0.886792	0.978052	841	0.290131	0.385000	0.375791	
814	0.329238	186	0.903226	0.978052	814	0.329238	0.436000	0.376717	
848	0.284198	152	0.953947	0.978052	848	0.284198	0.386000	0.376858	
825	0.303030	175	0.931429	0.978052	825	0.303030	0.413000	0.377397	
843	0.266904	157	0.891720	0.978052	843	0.266904	0.365000	0.377215	
843	0.274021	157	0.917197	0.978052	843	0.274021	0.375000	0.377183	
826	0.355932	174	0.902299	0.978052	826	0.355932	0.451000	0.378237	
825	0.305455	175	0.902857	0.978052	825	0.305455	0.410000	0.378685	
844	0.272512	156	0.884615	0.978052	844	0.272512	0.368000	0.378536	
848	0.257075	152	0.960526	0.978052	848	0.257075	0.364000	0.378337	
842	0.286223	158	0.930380	0.978052	842	0.286223	0.388000	0.378468	
826	0.332930	174	0.919540	0.978052	826	0.332930	0.435000	0.379222	
822	0.295620	178	0.898876	0.978052	822	0.295620	0.403000	0.379534	
819	0.257631	181	0.895028	0.978052	819	0.257631	0.373000	0.379450	
841	0.241379	159	0.893082	0.978052	841	0.241379	0.345000	0.379008	
805	0.265839	195	0.938462	0.978052	805	0.265839	0.397000	0.379236	
820	0.259756	180	0.916667	0.978052	820	0.259756	0.378000	0.379220	
823	0.306197	177	0.932203	0.978052	823	0.306197	0.417000	0.379687	
837	0.254480	163	0.920245	0.978052	837	0.254480	0.363000	0.379483	
807	0.197026	193	0.906736	0.978052	807	0.197026	0.334000	0.378935	
826	0.374092	174	0.925287	0.750724	826	0.374092	0.470000	0.380019	
826	0.387409	174	0.954023	0.750724	826	0.387409	0.486000	0.381266	
804	0.366915	196	0.923469	0.750724	804	0.366915	0.476000	0.382368	
827	0.395405	173	0.890173	0.750724	827	0.395405	0.481000	0.383501	
831	0.419976	169	0.911243	0.750724	831	0.419976	0.503000	0.384859	
818	0.233496	182	0.912088	1.048250	818	0.233496	0.357000	0.384546	
825	0.242424	175	0.891429	1.048250	825	0.242424	0.356000	0.384229	
818	0.273839	182	0.868132	1.048250	818	0.273839	0.382000	0.384205	
830	0.246988	170	0.917647	1.048250	830	0.246988	0.361000	0.383952	
834	0.302158	166	0.915663	1.048250	834	0.302158	0.404000	0.384168	
800	0.288750	200	0.905000	1.048250	800	0.288750	0.412000	0.384464	
830	0.251807	170	0.864706	1.048250	830	0.251807	0.356000	0.384164	
841	0.261593	159	0.886792	1.048250	841	0.261593	0.361000	0.383923	
835	0.228743	165	0.903030	1.048250	835	0.228743	0.340000	0.383470	
827	0.221282	173	0.907514	1.048250	827	0.221282	0.340000	0.383027	
848	0.268868	152	0.973684	1.048250	848	0.268868	0.376000	0.382956	
816	0.227941	184	0.929348	1.048250	816	0.227941	0.357000	0.382696	
819	0.245421	181	0.839779	1.048250	819	0.245421	0.353000	0.382402	
819	0.213675	181	0.917127	1.048250	819	0.213675	0.341000	0.381996	
824	0.247573	176	0.937500	1.048250	824	0.247573	0.369000	0.381870	
811	0.249075	189	0.925926	1.048250	811	0.249075	0.377000	0.381823	
827	0.226119	173	0.895954	1.048250	827	0.226119	0.342000	0.381444	
847	0.260921	153	0.915033	1.048250	847	0.260921	0.361000	0.381251	
813	0.257073	187	0.909091	1.048250	813	0.257073	0.379000	0.381230	
824	0.314320	176	0.914773	1.048250	824	0.314320	0.420000	0.381589	
825	0.258182	175	0.902857	1.048250	825	0.258182	0.371000	0.381492	
813	0.249692	187	0.903743	1.048250	813	0.249692	0.372000	0.381406	
818	0.275061	182	0.917582	1.048250	818	0.275061	0.392000	0.381501	
843	0.301305	157	0.904459	1.048250	843	0.301305	0.396000	0.381631	
811	0.277435	189	0.936508	1.048250	811	0.277435	0.402000	0.381811	
820	0.281707	180	0.894444	1.048250	820	0.281707	0.392000	0.381900	
824	0.300971	176	0.892045	1.048250	824	0.300971	0.405000	0.382101	
819	0.339438	181	0.906077	1.048250	819	0.339438	0.442000	0.382617	
801	0.295880	199	0.914573	1.048250	801	0.295880	0.419000	0.382928	
839	0.265793	161	0.925466	1.048250	839	0.265793	0.372000	0.382836	
831	0.269555	169	0.923077	1.048250	831	0.269555	0.380000	0.382812	
842	0.251781	158	0.911392	1.048250	842	0.251781	0.356000	0.382588	
849	0.290931	151	0.940397	1.048250	849	0.290931	0.389000	0.382641	
823	0.233293	177	0.937853	1.048250	823	0.233293	0.358000	0.382439	
819	0.280830	181	0.917127	1.048250	819	0.280830	0.396000	0.382550	
822	0.255474	178	0.943820	1.048250	822	0.255474	0.378000	0.382513	
853	0.268464	147	0.938776	1.048250	853	0.268464	0.367000	0.382389	
831	0.253911	169	0.893491	1.048250	831	0.253911	0.362000	0.382227	
849	0.237927	151	0.920530	1.048250	849	0.237927	0.341000	0.381903	
810	0.237037	190	0.894737	1.048250	810	0.237037	0.362000	0.381747	
844	0.253555	156	0.897436	1.048250	844	0.253555	0.354000	0.381532	
804	0.257463	196	0.933673	1.048250	804	0.257463	0.390000	0.381597	
826	0.219128	174	0.948276	1.048250	826	0.219128	0.346000	0.381325	
831	0.232250	169	0.911243	1.048250	831	0.232250	0.347000	0.381065	
804	0.243781	196	0.933673	1.048250	804	0.243781	0.379000	0.381050	
834	0.250600	166	0.909639	1.048250	834	0.250600	0.360000	0.380893	
825	0.237576	175	0.908571	1.048250	825	0.237576	0.355000	0.380701	
813	0.261993	187	0.909091	1.048250	813	0.261993	0.383000	0.380718	
821	0.295981	179	0.955307	1.048250	821	0.295981	0.414000	0.380961	
833	0.268908	167	0.916168	1.048250	833	0.268908	0.377000	0.380932	
834	0.284173	166	0.891566	1.048250	834	0.284173	0.385000	0.380961	
812	0.208128	188	0.936170	1.048250	812	0.208128	0.345000	0.380704	
827	0.282950	173	0.867052	1.048250	827	0.282950	0.384000	0.380728	
839	0.288439	161	0.906832	1.048250	839	0.288439	0.388000	0.380779	
847	0.249115	153	0.928105	1.048250	847	0.249115	0.353000	0.380585	
840	0.280952	160	0.950000	1.048250	840	0.280952	0.388000	0.380636	
829	0.256936	171	0.888889	1.048250	829	0.256936	0.365000	0.380528	
812	0.289409	188	0.930851	1.048250	812	0.289409	0.410000	0.380730	
824	0.288835	176	0.914773	1.048250	824	0.288835	0.399000	0.380855	
826	0.285714	174	0.936782	1.048250	826	0.285714	0.399000	0.380977	
845	0.231953	155	0.903226	1.048250	845	0.231953	0.336000	0.380675	
816	0.278186	184	0.929348	1.048250	816	0.278186	0.398000	0.380791	
821	0.247259	179	0.921788	1.048250	821	0.247259	0.368000	0.380706	
812	0.241379	188	0.930851	1.048250	812	0.241379	0.371000	0.380642	
834	0.286571	166	0.921687	1.048250	834	0.286571	0.392000	0.380716	
810	0.301235	190	0.889474	1.048250	810	0.301235	0.413000	0.380926	
823	0.290401	177	0.915254	1.048250	823	0.290401	0.401000	0.381056	
814	0.299754	186	0.919355	1.048250	814	0.299754	0.415000	0.381273	
826	0.285714	174	0.902299	1.048250	826	0.285714	0.393000	0.381348	
817	0.257038	183	0.928962	1.048250	817	0.257038	0.380000	0.381339	
823	0.267315	177	0.920904	1.048250	823	0.267315	0.383000	0.381350	
824	0.275485	176	0.931818	1.048250	824	0.275485	0.391000	0.381410	
823	0.188335	177	0.954802	1.048250	823	0.188335	0.324000	0.381054	
826	0.325666	174	0.873563	0.866296	826	0.325666	0.421000	0.381300	
837	0.339307	163	0.858896	0.866296	837	0.339307	0.424000	0.381562	
847	0.323495	153	0.928105	0.866296	847	0.323495	0.416000	0.381772	
818	0.320293	182	0.917582	0.866296	818	0.320293	0.429000	0.382058	
818	0.317848	182	0.917582	0.866296	818	0.317848	0.427000	0.382329	
828	0.321256	172	0.912791	0.866296	828	0.321256	0.423000	0.382573	
832	0.378606	168	0.934524	0.866296	832	0.378606	0.472000	0.383105	
827	0.322854	173	0.965318	0.866296	827	0.322854	0.434000	0.383406	
832	0.325721	168	0.934524	0.866296	832	0.325721	0.428000	0.383668	
816	0.328431	184	0.907609	0.866296	816	0.328431	0.435000	0.383969	
816	0.263480	184	0.891304	0.866296	816	0.263480	0.379000	0.383940	
816	0.348039	184	0.869565	0.866296	816	0.348039	0.444000	0.384287	
827	0.339782	173	0.907514	0.866296	827	0.339782	0.438000	0.384595	
830	0.315663	170	0.900000	0.866296	830	0.315663	0.415000	0.384769	
829	0.328106	171	0.842105	0.866296	829	0.328106	0.416000	0.384947	
820	0.341463	180	0.905556	0.866296	820	0.341463	0.443000	0.385275	
824	0.344660	176	0.937500	0.866296	824	0.344660	0.449000	0.385633	
826	0.346247	174	0.862069	0.866296	826	0.346247	0.436000	0.385914	
838	0.360382	162	0.895062	0.866296	838	0.360382	0.447000	0.386253	
834	0.360911	166	0.957831	0.866296	834	0.360911	0.460000	0.386661	
850	0.356471	150	0.900000	0.866296	850	0.356471	0.438000	0.386943	
854	0.360656	146	0.897260	0.866296	854	0.360656	0.439000	0.387227	
845	0.376331	155	0.883871	0.866296	845	0.376331	0.455000	0.387596	
820	0.309756	180	0.877778	0.866296	820	0.309756	0.412000	0.387728	
838	0.325776	162	0.932099	0.866296	838	0.325776	0.424000	0.387923	
814	0.332924	186	0.903226	0.866296	814	0.332924	0.439000	0.388196	
818	0.343521	182	0.950549	0.866296	818	0.343521	0.454000	0.388546	
825	0.313939	175	0.897143	0.866296	825	0.313939	0.416000	0.388691	
834	0.371703	166	0.933735	0.866296	834	0.371703	0.465000	0.389093	
844	0.350711	156	0.935897	0.866296	844	0.350711	0.442000	0.389370	
833	0.346939	167	0.916168	0.866296	833	0.346939	0.442000	0.389644	
827	0.351874	173	0.919075	0.866296	827	0.351874	0.450000	0.389957	
833	0.370948	167	0.910180	0.866296	833	0.370948	0.461000	0.390323	
826	0.329298	174	0.942529	0.866296	826	0.329298	0.436000	0.390557	
835	0.355689	165	0.890909	0.866296	835	0.355689	0.444000	0.390830	
834	0.366906	166	0.885542	0.866296	834	0.366906	0.453000	0.391145	
837	0.348865	163	0.920245	0.866296	837	0.348865	0.442000	0.391402	
827	0.359129	173	0.861272	0.866296	827	0.359129	0.446000	0.391676	
843	0.309609	157	0.891720	0.866296	843	0.309609	0.401000	0.391723	
825	0.326061	175	0.908571	0.866296	825	0.326061	0.428000	0.391904	
818	0.321516	182	0.879121	0.866296	818	0.321516	0.423000	0.392057	
830	0.314458	170	0.935294	0.866296	830	0.314458	0.420000	0.392195	
847	0.324675	153	0.921569	0.866296	847	0.324675	0.416000	0.392312	
849	0.307420	151	0.874172	0.866296	849	0.307420	0.393000	0.392315	
823	0.328068	177	0.926554	0.866296	823	0.328068	0.434000	0.392518	
828	0.379227	172	0.901163	0.866296	828	0.379227	0.469000	0.392887	
825	0.336970	175	0.937143	0.866296	825	0.336970	0.442000	0.393123	
838	0.352029	162	0.907407	0.866296	838	0.352029	0.442000	0.393357	
839	0.353993	161	0.913043	0.866296	839	0.353993	0.444000	0.393598	
836	0.334928	164	0.914634	0.866296	836	0.334928	0.430000	0.393771	
832	0.347356	168	0.898810	0.866296	832	0.347356	0.440000	0.393989	
822	0.345499	178	0.926966	0.866296	822	0.345499	0.449000	0.394247	
833	0.342137	167	0.934132	0.866296	833	0.342137	0.441000	0.394465	
816	0.343137	184	0.961957	0.866296	816	0.343137	0.457000	0.394756	
849	0.345112	151	0.920530	0.866296	849	0.345112	0.432000	0.394929	
821	0.344702	179	0.949721	0.866296	821	0.344702	0.453000	0.395196	
833	0.332533	167	0.904192	0.866296	833	0.332533	0.428000	0.395347	
823	0.291616	177	0.926554	0.866296	823	0.291616	0.404000	0.395386	
825	0.315152	175	0.885714	0.866296	825	0.315152	0.415000	0.395475	
822	0.412409	178	0.910112	0.866296	822	0.412409	0.501000	0.395953	
830	0.214458	170	0.941176	1.199767	830	0.214458	0.338000	0.395692	
836	0.187799	164	0.920732	1.199767	836	0.187799	0.308000	0.395299	
815	0.310429	185	0.913514	0.885928	815	0.310429	0.422000	0.395418	
841	0.322235	159	0.918239	0.885928	841	0.322235	0.417000	0.395514	
831	0.345367	169	0.893491	0.885928	831	0.345367	0.438000	0.395702	
831	0.338147	169	0.899408	0.885928	831	0.338147	0.433000	0.395866	
815	0.310429	185	0.929730	0.885928	815	0.310429	0.425000	0.395994	
835	0.318563	165	0.963636	0.885928	835	0.318563	0.425000	0.396121	
828	0.322464	172	0.941860	0.885928	828	0.322464	0.429000	0.396263	
837	0.313023	163	0.914110	0.885928	837	0.313023	0.411000	0.396327	
837	0.342891	163	0.895706	0.885928	837	0.342891	0.433000	0.396485	
813	0.335793	187	0.925134	0.885928	813	0.335793	0.446000	0.396698	
824	0.341019	176	0.960227	0.885928	824	0.341019	0.450000	0.396926	
833	0.312125	167	0.904192	0.885928	833	0.312125	0.411000	0.396986	
823	0.348724	177	0.920904	0.885928	823	0.348724	0.450000	0.397210	
827	0.308343	173	0.855491	0.885928	827	0.308343	0.403000	0.397235	
803	0.295143	197	0.934010	0.885928	803	0.295143	0.421000	0.397334	
817	0.375765	183	0.907104	0.885928	817	0.375765	0.473000	0.397651	
836	0.345694	164	0.908537	0.885928	836	0.345694	0.438000	0.397819	
833	0.315726	167	0.946108	0.885928	833	0.315726	0.421000	0.397915	
818	0.287286	182	0.890110	0.885928	818	0.287286	0.397000	0.397912	
825	0.349091	175	0.914286	0.885928	825	0.349091	0.448000	0.398118	
831	0.341757	169	0.887574	0.885928	831	0.341757	0.434000	0.398265	
829	0.330519	171	0.906433	0.885928	829	0.330519	0.429000	0.398390	
816	0.361520	184	0.913043	0.885928	816	0.361520	0.463000	0.398653	
816	0.287990	184	0.891304	0.885928	816	0.287990	0.399000	0.398654	
828	0.365942	172	0.930233	0.885928	828	0.365942	0.463000	0.398914	
841	0.319857	159	0.899371	0.885928	841	0.319857	0.412000	0.398966	
804	0.303483	196	0.923469	0.885928	804	0.303483	0.425000	0.399070	
817	0.328029	183	0.890710	0.885928	817	0.328029	0.431000	0.399198	
824	0.337379	176	0.937500	0.885928	824	0.337379	0.443000	0.399371	
837	0.317802	163	0.889571	0.885928	837	0.317802	0.411000	0.399417	
800	0.312500	200	0.920000	0.885928	800	0.312500	0.434000	0.399554	
805	0.383851	195	0.887179	0.885928	805	0.383851	0.482000	0.399877	
816	0.324755	184	0.923913	0.885928	816	0.324755	0.435000	0.400014	
826	0.352300	174	0.908046	0.885928	826	0.352300	0.449000	0.400205	
824	0.371359	176	0.903409	0.885928	824	0.371359	0.465000	0.400456	
818	0.385086	182	0.890110	0.885928	818	0.385086	0.477000	0.400751	
828	0.349034	172	0.883721	0.885928	828	0.349034	0.441000	0.400906	
826	0.337772	174	0.896552	0.885928	826	0.337772	0.435000	0.401037	
826	0.340194	174	0.913793	0.885928	826	0.340194	0.440000	0.401185	
839	0.305125	161	0.906832	0.885928	839	0.305125	0.402000	0.401189	
821	0.372716	179	0.921788	0.885928	821	0.372716	0.471000	0.401453	
818	0.343521	182	0.917582	0.885928	818	0.343521	0.448000	0.401629	
823	0.313487	177	0.926554	0.885928	823	0.313487	0.422000	0.401705	
820	0.379268	180	0.933333	0.885928	820	0.379268	0.479000	0.401995	
815	0.314110	185	0.935135	0.885928	815	0.314110	0.429000	0.402096	
832	0.329327	168	0.940476	0.885928	832	0.329327	0.432000	0.402207	
860	0.298837	140	0.921429	0.885928	860	0.298837	0.386000	0.402147	
804	0.342040	196	0.862245	0.885928	804	0.342040	0.444000	0.402301	
834	0.344125	166	0.903614	0.885928	834	0.344125	0.437000	0.402429	
834	0.297362	166	0.891566	0.885928	834	0.297362	0.396000	0.402405	
833	0.319328	167	0.868263	0.885928	833	0.319328	0.411000	0.402436	
838	0.343675	162	0.925926	0.885928	838	0.343675	0.438000	0.402566	
837	0.314217	163	0.883436	0.885928	837	0.314217	0.407000	0.402582	
851	0.301998	149	0.932886	0.885928	851	0.301998	0.396000	0.402558	
819	0.339438	181	0.911602	0.885928	819	0.339438	0.443000	0.402704	
833	0.344538	167	0.892216	0.885928	833	0.344538	0.436000	0.402823	
848	0.337264	152	0.940789	0.885928	848	0.337264	0.429000	0.402916	
813	0.325953	187	0.925134	0.885928	813	0.325953	0.438000	0.403041	
818	0.333741	182	0.912088	0.885928	818	0.333741	0.439000	0.403169	
832	0.329327	168	0.928571	0.885928	832	0.329327	0.430000	0.403264	
827	0.314389	173	0.907514	0.885928	827	0.314389	0.417000	0.403312	
819	0.339438	181	0.872928	0.885928	819	0.339438	0.436000	0.403427	
846	0.307329	154	0.902597	0.885928	846	0.307329	0.399000	0.403411	
811	0.325524	189	0.925926	0.885928	811	0.325524	0.439000	0.403535	
824	0.300971	176	0.914773	0.885928	824	0.300971	0.409000	0.403554	
838	0.344869	162	0.919753	0.885928	838	0.344869	0.438000	0.403673	
815	0.336196	185	0.902703	0.885928	815	0.336196	0.441000	0.403802	
841	0.356718	159	0.905660	0.885928	841	0.356718	0.444000	0.403940	
840	0.380952	160	0.925000	0.885928	840	0.380952	0.468000	0.404160	
845	0.328994	155	0.896774	0.885928	845	0.328994	0.417000	0.404203	
823	0.364520	177	0.892655	0.885928	823	0.364520	0.458000	0.404386	
805	0.306832	195	0.948718	0.885928	805	0.306832	0.432000	0.404480	
842	0.315914	158	0.879747	0.885928	842	0.315914	0.405000	0.404482	
829	0.299156	171	0.888889	0.885928	829	0.299156	0.400000	0.404467	
837	0.363202	163	0.926380	0.885928	837	0.363202	0.455000	0.404636	
816	0.312500	184	0.902174	0.885928	816	0.312500	0.421000	0.404691	
837	0.315412	163	0.932515	0.885928	837	0.315412	0.416000	0.404729	
796	0.344221	204	0.921569	0.885928	796	0.344221	0.462000	0.404919	
823	0.349939	177	0.915254	0.885928	823	0.349939	0.450000	0.405068	
814	0.261671	186	0.892473	0.885928	814	0.261671	0.379000	0.404982	
822	0.302920	178	0.955056	0.885928	822	0.302920	0.419000	0.405028	
825	0.341818	175	0.897143	0.885928	825	0.341818	0.439000	0.405140	
830	0.287952	170	0.905882	0.885928	830	0.287952	0.393000	0.405100	
809	0.243511	191	0.900524	0.885928	809	0.243511	0.369000	0.404982	
824	0.275485	176	0.897727	0.885928	824	0.275485	0.385000	0.404918	
818	0.290954	182	0.934066	0.885928	818	0.290954	0.408000	0.404927	
846	0.330969	154	0.961039	0.885928	846	0.330969	0.428000	0.405002	
815	0.317791	185	0.908108	0.885928	815	0.317791	0.427000	0.405073	
844	0.305687	156	0.955128	0.885928	844	0.305687	0.407000	0.405079	
819	0.332112	181	0.856354	0.885928	819	0.332112	0.427000	0.405149	
831	0.241877	169	0.863905	0.885928	831	0.241877	0.347000	0.404964	
843	0.371293	157	0.891720	0.885928	843	0.371293	0.453000	0.405116	
838	0.368735	162	0.919753	0.885928	838	0.368735	0.458000	0.405284	
813	0.367774	187	0.909091	0.885928	813	0.367774	0.469000	0.405485	
821	0.339829	179	0.916201	0.885928	821	0.339829	0.443000	0.405602	
817	0.357405	183	0.846995	0.885928	817	0.357405	0.447000	0.405732	
825	0.271515	175	0.937143	0.885928	825	0.271515	0.388000	0.405677	
830	0.318072	170	0.935294	0.885928	830	0.318072	0.423000	0.405731	
823	0.332928	177	0.932203	0.885928	823	0.332928	0.439000	0.405834	
838	0.346062	162	0.901235	0.885928	838	0.346062	0.436000	0.405928	
811	0.295931	189	0.957672	0.885928	811	0.295931	0.421000	0.405974	
838	0.354415	162	0.870370	0.885928	838	0.354415	0.438000	0.406073	
826	0.334140	174	0.925287	0.885928	826	0.334140	0.437000	0.406167	
833	0.310924	167	0.916168	0.885928	833	0.310924	0.412000	0.406185	
818	0.333741	182	0.890110	0.885928	818	0.333741	0.435000	0.406273	
824	0.345874	176	0.954545	0.885928	824	0.345874	0.453000	0.406415	
840	0.298810	160	0.918750	0.885928	840	0.298810	0.398000	0.406390	
817	0.342717	183	0.939891	0.885928	817	0.342717	0.452000	0.406527	
845	0.313609	155	0.909677	0.885928	845	0.313609	0.406000	0.406526	
822	0.361314	178	0.932584	0.885928	822	0.361314	0.463000	0.406695	
816	0.316176	184	0.858696	0.885928	816	0.316176	0.416000	0.406723	
834	0.356115	166	0.909639	0.885928	834	0.356115	0.448000	0.406847	
826	0.340194	174	0.902299	0.885928	826	0.340194	0.438000	0.406939	
840	0.344048	160	0.868750	0.885928	840	0.344048	0.428000	0.407002	
815	0.277301	185	0.902703	0.885928	815	0.277301	0.393000	0.406960	
809	0.341162	191	0.926702	0.885928	809	0.341162	0.453000	0.407096	
838	0.365155	162	0.901235	0.885928	838	0.365155	0.452000	0.407228	
826	0.324455	174	0.919540	0.885928	826	0.324455	0.428000	0.407289	
845	0.345562	155	0.909677	0.885928	845	0.345562	0.433000	0.407364	
800	0.306250	200	0.885000	0.885928	800	0.306250	0.422000	0.407407	
827	0.331318	173	0.924855	0.885928	827	0.331318	0.434000	0.407484	
844	0.317536	156	0.884615	0.885928	844	0.317536	0.406000	0.407480	
833	0.327731	167	0.946108	0.885928	833	0.327731	0.431000	0.407548	
829	0.340169	171	0.877193	0.885928	829	0.340169	0.432000	0.407618	
836	0.322967	164	0.939024	0.885928	836	0.322967	0.424000	0.407665	
833	0.337335	167	0.892216	0.885928	833	0.337335	0.430000	0.407729	
819	0.328449	181	0.961326	0.885928	819	0.328449	0.443000	0.407830	
811	0.371147	189	0.888889	0.885928	811	0.371147	0.469000	0.408005	
846	0.330969	154	0.928571	0.885928	846	0.330969	0.423000	0.408047	
821	0.292326	179	0.899441	0.885928	821	0.292326	0.401000	0.408027	
842	0.304038	158	0.924051	0.885928	842	0.304038	0.402000	0.408010	
842	0.320665	158	0.911392	0.885928	842	0.320665	0.414000	0.408027	
825	0.296970	175	0.925714	0.885928	825	0.296970	0.407000	0.408024	
826	0.317191	174	0.925287	0.885928	826	0.317191	0.423000	0.408066	
842	0.336105	158	0.860759	0.885928	842	0.336105	0.419000	0.408097	
824	0.322816	176	0.892045	0.885928	824	0.322816	0.423000	0.408138	
845	0.314793	155	0.903226	0.885928	845	0.314793	0.406000	0.408132	
806	0.291563	194	0.896907	0.885928	806	0.291563	0.409000	0.408135	
848	0.317217	152	0.940789	0.885928	848	0.317217	0.412000	0.408145	
816	0.335784	184	0.902174	0.885928	816	0.335784	0.440000	0.408233	
834	0.322542	166	0.945783	0.885928	834	0.322542	0.426000	0.408282	
835	0.314970	165	0.939394	0.885928	835	0.314970	0.418000	0.408308	
817	0.312118	183	0.939891	0.885928	817	0.312118	0.427000	0.408360	
808	0.299505	192	0.895833	0.885928	808	0.299505	0.414000	0.408375	
831	0.330927	169	0.917160	0.885928	831	0.330927	0.430000	0.408434	
845	0.324260	155	0.896774	0.885928	845	0.324260	0.413000	0.408446	
841	0.346017	159	0.911950	0.885928	841	0.346017	0.436000	0.408521	
851	0.309048	149	0.926174	0.885928	851	0.309048	0.401000	0.408500	
831	0.302046	169	0.863905	0.885928	831	0.302046	0.397000	0.408469	
847	0.334120	153	0.921569	0.885928	847	0.334120	0.424000	0.408511	
821	0.359318	179	0.899441	0.885928	821	0.359318	0.456000	0.408638	
846	0.288416	154	0.889610	0.885928	846	0.288416	0.381000	0.408564	
805	0.310559	195	0.933333	0.885928	805	0.310559	0.432000	0.408627	
819	0.310134	181	0.928177	0.885928	819	0.310134	0.422000	0.408662	
828	0.329710	172	0.918605	0.885928	828	0.329710	0.431000	0.408721	
838	0.340095	162	0.932099	0.885928	838	0.340095	0.436000	0.408793	
809	0.296663	191	0.916230	0.885928	809	0.296663	0.415000	0.408809	
835	0.311377	165	0.915152	0.885928	835	0.311377	0.411000	0.408815	
822	0.338200	178	0.955056	0.885928	822	0.338200	0.448000	0.408918	
837	0.284349	163	0.926380	0.885928	837	0.284349	0.389000	0.408866	
813	0.314883	187	0.887701	0.885928	813	0.314883	0.422000	0.408900	
834	0.332134	166	0.879518	0.885928	834	0.332134	0.423000	0.408937	
825	0.335758	175	0.908571	0.885928	825	0.335758	0.436000	0.409007	
822	0.336983	178	0.949438	0.885928	822	0.336983	0.446000	0.409102	
842	0.339667	158	0.892405	0.885928	842	0.339667	0.427000	0.409148	
838	0.306683	162	0.925926	0.885928	838	0.306683	0.407000	0.409143	
840	0.334524	160	0.893750	0.885928	840	0.334524	0.424000	0.409181	
843	0.349941	157	0.898089	0.885928	843	0.349941	0.436000	0.409250	
843	0.333333	157	0.936306	0.885928	843	0.333333	0.428000	0.409297	
844	0.328199	156	0.923077	0.885928	844	0.328199	0.421000	0.409327	
803	0.337484	197	0.903553	0.885928	803	0.337484	0.449000	0.409428	
827	0.328900	173	0.907514	0.885928	827	0.328900	0.429000	0.409477	
840	0.344048	160	0.925000	0.885928	840	0.344048	0.437000	0.409547	
823	0.343864	177	0.858757	0.885928	823	0.343864	0.435000	0.409611	
815	0.338650	185	0.924324	0.885928	815	0.338650	0.447000	0.409705	
845	0.336095	155	0.922581	0.885928	845	0.336095	0.427000	0.409748	
837	0.351254	163	0.907975	0.885928	837	0.351254	0.442000	0.409829	
826	0.294189	174	0.890805	0.885928	826	0.294189	0.398000	0.409799	
828	0.301932	172	0.895349	0.885928	828	0.301932	0.404000	0.409785	
826	0.330508	174	0.902299	0.885928	826	0.330508	0.430000	0.409835	
832	0.328125	168	0.928571	0.885928	832	0.328125	0.429000	0.409883	
832	0.343750	168	0.898810	0.885928	832	0.343750	0.437000	0.409950	
824	0.367718	176	0.903409	0.885928	824	0.367718	0.462000	0.410078	
801	0.332085	199	0.884422	0.885928	801	0.332085	0.442000	0.410156	
844	0.312796	156	0.897436	0.885928	844	0.312796	0.404000	0.410141	
826	0.315981	174	0.890805	0.885928	826	0.315981	0.416000	0.410155	
828	0.311594	172	0.924419	0.885928	828	0.311594	0.417000	0.410172	
834	0.370504	166	0.909639	0.885928	834	0.370504	0.460000	0.410293	
829	0.293124	171	0.923977	0.885928	829	0.293124	0.401000	0.410271	
845	0.352663	155	0.877419	0.885928	845	0.352663	0.434000	0.410328	
827	0.336155	173	0.878613	0.885928	827	0.336155	0.430000	0.410376	
825	0.316364	175	0.902857	0.885928	825	0.316364	0.419000	0.410397	
815	0.298160	185	0.897297	0.885928	815	0.298160	0.409000	0.410393	
825	0.284848	175	0.937143	0.885928	825	0.284848	0.399000	0.410366	
840	0.346429	160	0.925000	0.885928	840	0.346429	0.439000	0.410434	
837	0.311828	163	0.889571	0.885928	837	0.311828	0.406000	0.410424	
843	0.345196	157	0.923567	0.885928	843	0.345196	0.436000	0.410485	
817	0.293758	183	0.874317	0.885928	817	0.293758	0.400000	0.410460	
819	0.312576	181	0.895028	0.885928	819	0.312576	0.418000	0.410478	
833	0.350540	167	0.952096	0.885928	833	0.350540	0.451000	0.410573	
841	0.324614	159	0.886792	0.885928	841	0.324614	0.414000	0.410582	
832	0.328125	168	0.916667	0.885928	832	0.328125	0.427000	0.410620	
813	0.328413	187	0.914439	0.885928	813	0.328413	0.438000	0.410684	
809	0.372064	191	0.910995	0.885928	809	0.372064	0.475000	0.410835	
837	0.371565	163	0.901840	0.885928	837	0.371565	0.458000	0.410945	
825	0.355152	175	0.925714	0.885928	825	0.355152	0.455000	0.411048	
834	0.363309	166	0.915663	0.885928	834	0.363309	0.455000	0.411150	
818	0.358191	182	0.928571	0.885928	818	0.358191	0.462000	0.411268	
804	0.313433	196	0.918367	0.885928	804	0.313433	0.432000	0.411316	
814	0.375921	186	0.897849	0.885928	814	0.375921	0.473000	0.411459	
836	0.343301	164	0.939024	0.885928	836	0.343301	0.441000	0.411527	
840	0.347619	160	0.912500	0.885928	840	0.347619	0.438000	0.411588	
823	0.318348	177	0.915254	0.885928	823	0.318348	0.424000	0.411616	
832	0.317308	168	0.940476	0.885928	832	0.317308	0.422000	0.411640	
853	0.276671	147	0.931973	0.885928	853	0.276671	0.373000	0.411552	
853	0.281360	147	0.891156	0.885928	853	0.281360	0.371000	0.411459	
830	0.285542	170	0.905882	0.885928	830	0.285542	0.391000	0.411413	
847	0.331759	153	0.947712	0.885928	847	0.331759	0.426000	0.411446	
829	0.337756	171	0.912281	0.885928	829	0.337756	0.436000	0.411501	
829	0.355850	171	0.929825	0.885928	829	0.355850	0.454000	0.411597	
832	0.364183	168	0.892857	0.885928	832	0.364183	0.453000	0.411691	
843	0.327402	157	0.929936	0.885928	843	0.327402	0.422000	0.411714	
814	0.312039	186	0.903226	0.885928	814	0.312039	0.422000	0.411737	
818	0.339853	182	0.906593	0.885928	818	0.339853	0.443000	0.411807	
825	0.309091	175	0.914286	0.885928	825	0.309091	0.415000	0.411814	
828	0.309179	172	0.901163	0.885928	828	0.309179	0.411000	0.411812	
829	0.351025	171	0.900585	0.885928	829	0.351025	0.445000	0.411886	
829	0.311218	171	0.888889	0.885928	829	0.311218	0.410000	0.411882	
828	0.328502	172	0.895349	0.885928	828	0.328502	0.426000	0.411913	
847	0.337662	153	0.908497	0.885928	847	0.337662	0.425000	0.411942	
814	0.277641	186	0.908602	0.885928	814	0.277641	0.395000	0.411904	
807	0.361834	193	0.943005	0.885928	807	0.361834	0.474000	0.412041	
823	0.348724	177	0.870056	0.885928	823	0.348724	0.441000	0.412104	
816	0.363971	184	0.918478	0.885928	816	0.363971	0.466000	0.412222	
838	0.321002	162	0.907407	0.885928	838	0.321002	0.416000	0.412231	
820	0.360976	180	0.944444	0.885928	820	0.360976	0.466000	0.412348	
821	0.341048	179	0.921788	0.885928	821	0.341048	0.445000	0.412419	
806	0.351117	194	0.865979	0.885928	806	0.351117	0.451000	0.412502	
827	0.348247	173	0.965318	0.885928	827	0.348247	0.455000	0.412594	
855	0.321637	145	0.924138	0.885928	855	0.321637	0.409000	0.412587	
832	0.317308	168	0.916667	0.885928	832	0.317308	0.418000	0.412598	
833	0.386555	167	0.904192	0.885928	833	0.386555	0.473000	0.412728	
825	0.323636	175	0.891429	0.885928	825	0.323636	0.423000	0.412750	
832	0.343750	168	0.922619	0.885928	832	0.343750	0.441000	0.412811	
825	0.323636	175	0.902857	0.885928	825	0.323636	0.425000	0.412837	
842	0.328979	158	0.892405	0.885928	842	0.328979	0.418000	0.412848	
845	0.305325	155	0.935484	0.885928	845	0.305325	0.403000	0.412827	
800	0.365000	200	0.880000	0.885928	800	0.365000	0.468000	0.412944	
828	0.324879	172	0.877907	0.885928	828	0.324879	0.420000	0.412959	
842	0.331354	158	0.905063	0.885928	842	0.331354	0.422000	0.412978	
835	0.257485	165	0.915152	0.885928	835	0.257485	0.366000	0.412879	
832	0.329327	168	0.886905	0.885928	832	0.329327	0.423000	0.412900	
827	0.304716	173	0.884393	0.885928	827	0.304716	0.405000	0.412884	
823	0.328068	177	0.937853	0.885928	823	0.328068	0.436000	0.412932	
818	0.288509	182	0.895604	0.885928	818	0.288509	0.399000	0.412903	
850	0.335294	150	0.926667	0.885928	850	0.335294	0.424000	0.412926	
833	0.306122	167	0.940120	0.885928	833	0.306122	0.412000	0.412924	
820	0.308537	180	0.905556	0.885928	820	0.308537	0.416000	0.412931	
819	0.340659	181	0.895028	0.885928	819	0.340659	0.441000	0.412989	
821	0.358100	179	0.960894	0.885928	821	0.358100	0.466000	0.413099	
841	0.324614	159	0.861635	0.885928	841	0.324614	0.410000	0.413092	
834	0.268585	166	0.873494	0.885928	834	0.268585	0.369000	0.413001	
827	0.340992	173	0.907514	0.885928	827	0.340992	0.439000	0.413055	
827	0.355502	173	0.895954	0.885928	827	0.355502	0.449000	0.413129	
856	0.315421	144	0.895833	0.885928	856	0.315421	0.399000	0.413100	
822	0.381995	178	0.926966	0.885928	822	0.381995	0.479000	0.413234	
801	0.307116	199	0.889447	0.885928	801	0.307116	0.423000	0.413254	
810	0.324691	190	0.878947	0.885928	810	0.324691	0.430000	0.413288	
830	0.346988	170	0.917647	0.885928	830	0.346988	0.444000	0.413351	
822	0.360097	178	0.887640	0.885928	822	0.360097	0.454000	0.413433	
831	0.353791	169	0.928994	0.885928	831	0.353791	0.451000	0.413509	
805	0.310559	195	0.923077	0.885928	805	0.310559	0.430000	0.413543	
823	0.303767	177	0.920904	0.885928	823	0.303767	0.413000	0.413542	
800	0.302500	200	0.885000	0.885928	800	0.302500	0.419000	0.413552	
829	0.326900	171	0.900585	0.885928	829	0.326900	0.425000	0.413575	
832	0.334135	168	0.892857	0.885928	832	0.334135	0.428000	0.413604	
830	0.303614	170	0.876471	0.885928	830	0.303614	0.401000	0.413579	
835	0.280240	165	0.848485	0.885928	835	0.280240	0.374000	0.413500	
835	0.314970	165	0.818182	0.885928	835	0.314970	0.398000	0.413469	
840	0.336905	160	0.918750	0.885928	840	0.336905	0.430000	0.413502	
826	0.315981	174	0.913793	0.885928	826	0.315981	0.420000	0.413515	
829	0.381182	171	0.865497	0.885928	829	0.381182	0.464000	0.413615	
798	0.314536	202	0.896040	0.885928	798	0.314536	0.432000	0.413651	
818	0.312958	182	0.928571	0.885928	818	0.312958	0.425000	0.413674	
813	0.354244	187	0.898396	0.885928	813	0.354244	0.456000	0.413757	
831	0.302046	169	0.899408	0.885928	831	0.302046	0.403000	0.413736	
826	0.345036	174	0.908046	0.885928	826	0.345036	0.443000	0.413793	
830	0.339759	170	0.941176	0.885928	830	0.339759	0.442000	0.413849	
825	0.298182	175	0.920000	0.885928	825	0.298182	0.407000	0.413835	
833	0.316927	167	0.910180	0.885928	833	0.316927	0.416000	0.413839	
828	0.332126	172	0.906977	0.885928	828	0.332126	0.431000	0.413873	
839	0.318236	161	0.900621	0.885928	839	0.318236	0.412000	0.413869	
822	0.315085	178	0.915730	0.885928	822	0.315085	0.422000	0.413885	
829	0.334138	171	0.923977	0.885928	829	0.334138	0.435000	0.413926	
829	0.343788	171	0.900585	0.885928	829	0.343788	0.439000	0.413974	
826	0.347458	174	0.925287	0.885928	826	0.347458	0.448000	0.414040	
849	0.314488	151	0.913907	0.885928	849	0.314488	0.405000	0.414022	
805	0.288199	195	0.912821	0.885928	805	0.288199	0.410000	0.414015	
821	0.326431	179	0.905028	0.885928	821	0.326431	0.430000	0.414045	
826	0.295400	174	0.885057	0.885928	826	0.295400	0.398000	0.414015	
838	0.340095	162	0.833333	0.885928	838	0.340095	0.420000	0.414026	
834	0.309353	166	0.885542	0.885928	834	0.309353	0.405000	0.414009	
819	0.304029	181	0.922652	0.885928	819	0.304029	0.416000	0.414013	
795	0.344654	205	0.917073	0.885928	795	0.344654	0.462000	0.414104	
843	0.315540	157	0.917197	0.885928	843	0.315540	0.410000	0.414096	
830	0.303614	170	0.947059	0.885928	830	0.303614	0.413000	0.414094	
835	0.297006	165	0.884848	0.885928	835	0.297006	0.394000	0.414056	
841	0.317479	159	0.911950	0.885928	841	0.317479	0.412000	0.414052	
835	0.293413	165	0.951515	0.885928	835	0.293413	0.402000	0.414029	
821	0.331303	179	0.877095	0.885928	821	0.331303	0.429000	0.414057	
838	0.309069	162	0.876543	0.885928	838	0.309069	0.401000	0.414033	
834	0.352518	166	0.885542	0.885928	834	0.352518	0.441000	0.414083	
833	0.357743	167	0.934132	0.885928	833	0.357743	0.454000	0.414158	
831	0.312876	169	0.923077	0.885928	831	0.312876	0.416000	0.414161	
828	0.333333	172	0.877907	0.885928	828	0.333333	0.427000	0.414185	
827	0.363966	173	0.947977	0.885928	827	0.363966	0.465000	0.414279	
837	0.330944	163	0.926380	0.885928	837	0.330944	0.428000	0.414305	
815	0.299387	185	0.940541	0.885928	815	0.299387	0.418000	0.414312	
834	0.305755	166	0.909639	0.885928	834	0.305755	0.406000	0.414296	
818	0.325183	182	0.923077	0.885928	818	0.325183	0.434000	0.414333	
816	0.368873	184	0.907609	0.885928	816	0.368873	0.468000	0.414431	
833	0.321729	167	0.874251	0.885928	833	0.321729	0.414000	0.414430	
816	0.285539	184	0.896739	0.885928	816	0.285539	0.398000	0.414400	
825	0.320000	175	0.954286	0.885928	825	0.320000	0.431000	0.414431	
841	0.326992	159	0.905660	0.885928	841	0.326992	0.419000	0.414439	
823	0.354800	177	0.898305	0.885928	823	0.354800	0.451000	0.414506	
819	0.338217	181	0.939227	0.885928	819	0.338217	0.447000	0.414565	
816	0.383578	184	0.902174	0.885928	816	0.383578	0.479000	0.414682	
829	0.344994	171	0.900585	0.885928	829	0.344994	0.440000	0.414728	
808	0.336634	192	0.932292	0.885928	808	0.336634	0.451000	0.414793	
839	0.350417	161	0.906832	0.885928	839	0.350417	0.440000	0.414839	
817	0.336597	183	0.846995	0.885928	817	0.336597	0.430000	0.414866	
838	0.344869	162	0.888889	0.885928	838	0.344869	0.433000	0.414899	
813	0.291513	187	0.909091	0.885928	813	0.291513	0.407000	0.414884	
813	0.348093	187	0.941176	0.885928	813	0.348093	0.459000	0.414963	
830	0.283133	170	0.900000	0.885928	830	0.283133	0.388000	0.414915	
822	0.317518	178	0.893258	0.885928	822	0.317518	0.420000	0.414924	
833	0.333733	167	0.892216	0.885928	833	0.333733	0.427000	0.414946	
804	0.338308	196	0.923469	0.885928	804	0.338308	0.453000	0.415013	
840	0.301190	160	0.943750	0.885928	840	0.301190	0.404000	0.414994	
837	0.334528	163	0.914110	0.885928	837	0.334528	0.429000	0.415019	
814	0.352580	186	0.940860	0.885928	814	0.352580	0.462000	0.415102	
827	0.285369	173	0.867052	0.885928	827	0.285369	0.386000	0.415051	
836	0.312201	164	0.914634	0.885928	836	0.312201	0.411000	0.415043	
836	0.337321	164	0.945122	0.885928	836	0.337321	0.437000	0.415082	
836	0.357656	164	0.914634	0.885928	836	0.357656	0.449000	0.415142	
837	0.352449	163	0.895706	0.885928	837	0.352449	0.441000	0.415187	
824	0.310680	176	0.903409	0.885928	824	0.310680	0.415000	0.415187	
840	0.354762	160	0.912500	0.885928	840	0.354762	0.444000	0.415237	
828	0.364734	172	0.930233	0.885928	828	0.364734	0.462000	0.415319	
824	0.331311	176	0.914773	0.885928	824	0.331311	0.434000	0.415351	
820	0.352439	180	0.916667	0.885928	820	0.352439	0.454000	0.415418	
817	0.362301	183	0.890710	0.885928	817	0.362301	0.459000	0.415494	
822	0.357664	178	0.921348	0.885928	822	0.357664	0.458000	0.415568	
840	0.313095	160	0.887500	0.885928	840	0.313095	0.405000	0.415549	
815	0.366871	185	0.908108	0.885928	815	0.366871	0.467000	0.415638	
837	0.307049	163	0.957055	0.885928	837	0.307049	0.413000	0.415634	
831	0.339350	169	0.887574	0.885928	831	0.339350	0.432000	0.415662	
833	0.319328	167	0.910180	0.885928	833	0.319328	0.418000	0.415666	
834	0.321343	166	0.885542	0.885928	834	0.321343	0.415000	0.415665	
839	0.333731	161	0.919255	0.885928	839	0.333731	0.428000	0.415686	
825	0.345455	175	0.942857	0.885928	825	0.345455	0.450000	0.415745	
823	0.370595	177	0.920904	0.885928	823	0.370595	0.468000	0.415834	
833	0.310924	167	0.928144	0.885928	833	0.310924	0.414000	0.415831	
817	0.287638	183	0.901639	0.885928	817	0.287638	0.400000	0.415804	
803	0.332503	197	0.934010	0.885928	803	0.332503	0.451000	0.415863	
812	0.355911	188	0.893617	0.885928	812	0.355911	0.457000	0.415933	
861	0.334495	139	0.899281	0.885928	861	0.334495	0.413000	0.415928	
844	0.356635	156	0.916667	0.885928	844	0.356635	0.444000	0.415976	
815	0.315337	185	0.918919	0.885928	815	0.315337	0.427000	0.415994	
820	0.323171	180	0.927778	0.885928	820	0.323171	0.432000	0.416021	
805	0.354037	195	0.897436	0.885928	805	0.354037	0.460000	0.416095	
844	0.355450	156	0.916667	0.885928	844	0.355450	0.443000	0.416140	
828	0.335749	172	0.924419	0.885928	828	0.335749	0.437000	0.416175	
810	0.306173	190	0.915789	0.885928	810	0.306173	0.422000	0.416185	
825	0.343030	175	0.960000	0.885928	825	0.343030	0.451000	0.416243	
826	0.325666	174	0.873563	0.885928	826	0.325666	0.421000	0.416251	
825	0.356364	175	0.942857	0.885928	825	0.356364	0.459000	0.416322	
845	0.301775	155	0.954839	0.885928	845	0.301775	0.403000	0.416300	
814	0.278870	186	0.919355	0.885928	814	0.278870	0.398000	0.416270	
828	0.351449	172	0.895349	0.885928	828	0.351449	0.445000	0.416317	
830	0.375904	170	0.929412	0.885928	830	0.375904	0.470000	0.416406	
841	0.338882	159	0.918239	0.885928	841	0.338882	0.431000	0.416430	
830	0.321687	170	0.935294	0.885928	830	0.321687	0.426000	0.416446	
820	0.353659	180	0.916667	0.885928	820	0.353659	0.455000	0.416509	
844	0.357820	156	0.935897	0.885928	844	0.357820	0.448000	0.416561	
813	0.313653	187	0.925134	0.885928	813	0.313653	0.428000	0.416580	
810	0.323457	190	0.905263	0.885928	810	0.323457	0.434000	0.416608	
825	0.321212	175	0.925714	0.885928	825	0.321212	0.427000	0.416625	
836	0.360048	164	0.920732	0.885928	836	0.360048	0.452000	0.416683	
835	0.301796	165	0.878788	0.885928	835	0.301796	0.397000	0.416651	
812	0.363300	188	0.914894	0.885928	812	0.363300	0.467000	0.416733	
834	0.341727	166	0.921687	0.885928	834	0.341727	0.438000	0.416767	
838	0.331742	162	0.938272	0.885928	838	0.331742	0.430000	0.416789	
825	0.296970	175	0.920000	0.885928	825	0.296970	0.406000	0.416771	
807	0.309789	193	0.937824	0.885928	807	0.309789	0.431000	0.416794	
826	0.371671	174	0.896552	0.885928	826	0.371671	0.463000	0.416869	
822	0.350365	178	0.932584	0.885928	822	0.350365	0.454000	0.416928	
817	0.324357	183	0.928962	0.885928	817	0.324357	0.435000	0.416958	
830	0.319277	170	0.935294	0.885928	830	0.319277	0.424000	0.416969	
830	0.324096	170	0.923529	0.885928	830	0.324096	0.426000	0.416983	
813	0.373924	187	0.925134	0.885928	813	0.373924	0.477000	0.417079	
815	0.315337	185	0.902703	0.885928	815	0.315337	0.424000	0.417090	
832	0.310096	168	0.880952	0.885928	832	0.310096	0.406000	0.417073	
834	0.306954	166	0.903614	0.885928	834	0.306954	0.406000	0.417055	
833	0.369748	167	0.922156	0.885928	833	0.369748	0.462000	0.417127	
831	0.350181	169	0.911243	0.885928	831	0.350181	0.445000	0.417171	
844	0.323460	156	0.878205	0.885928	844	0.323460	0.410000	0.417159	
820	0.285366	180	0.938889	0.885928	820	0.285366	0.403000	0.417137	
828	0.289855	172	0.906977	0.885928	828	0.289855	0.396000	0.417104	
844	0.364929	156	0.897436	0.885928	844	0.364929	0.448000	0.417152	
829	0.314837	171	0.888889	0.885928	829	0.314837	0.413000	0.417146	
822	0.354015	178	0.943820	0.885928	822	0.354015	0.459000	0.417212	
842	0.327791	158	0.930380	0.885928	842	0.327791	0.423000	0.417221	
838	0.334129	162	0.932099	0.885928	838	0.334129	0.431000	0.417242	
858	0.320513	142	0.887324	0.885928	858	0.320513	0.401000	0.417217	
839	0.319428	161	0.906832	0.885928	839	0.319428	0.414000	0.417212	
848	0.336085	152	0.868421	0.885928	848	0.336085	0.417000	0.417212	
832	0.329327	168	0.886905	0.885928	832	0.329327	0.423000	0.417221	
844	0.343602	156	0.903846	0.885928	844	0.343602	0.431000	0.417242	
827	0.365175	173	0.953757	0.885928	827	0.365175	0.467000	0.417319	
824	0.331311	176	0.892045	0.885928	824	0.331311	0.430000	0.417339	
834	0.350120	166	0.867470	0.885928	834	0.350120	0.436000	0.417368	
827	0.316808	173	0.953757	0.885928	827	0.316808	0.427000	0.417383	
813	0.323493	187	0.946524	0.885928	813	0.323493	0.440000	0.417418	
840	0.369048	160	0.900000	0.885928	840	0.369048	0.454000	0.417474	
844	0.338863	156	0.878205	0.885928	844	0.338863	0.423000	0.417482	
835	0.334132	165	0.890909	0.885928	835	0.334132	0.426000	0.417496	
807	0.308550	193	0.906736	0.885928	807	0.308550	0.424000	0.417505	
852	0.299296	148	0.925676	0.885928	852	0.299296	0.392000	0.417466	
828	0.321256	172	0.906977	0.885928	828	0.321256	0.422000	0.417473	
804	0.302239	196	0.938776	0.885928	804	0.302239	0.427000	0.417488	
816	0.334559	184	0.880435	0.885928	816	0.334559	0.435000	0.417515	
814	0.331695	186	0.940860	0.885928	814	0.331695	0.445000	0.417556	
819	0.310134	181	0.928177	0.885928	819	0.310134	0.422000	0.417563	
817	0.388005	183	0.907104	0.885928	817	0.388005	0.483000	0.417662	
829	0.337756	171	0.953216	0.885928	829	0.337756	0.443000	0.417701	
822	0.335766	178	0.926966	0.885928	822	0.335766	0.441000	0.417736	
828	0.311594	172	0.889535	0.885928	828	0.311594	0.411000	0.417726	
817	0.370869	183	0.912568	0.885928	817	0.370869	0.470000	0.417805	
839	0.371871	161	0.875776	0.885928	839	0.371871	0.453000	0.417858	
832	0.301683	168	0.898810	0.885928	832	0.301683	0.402000	0.417834	
850	0.329412	150	0.926667	0.885928	850	0.329412	0.419000	0.417836	
823	0.306197	177	0.903955	0.885928	823	0.306197	0.412000	0.417827	
821	0.342266	179	0.916201	0.885928	821	0.342266	0.445000	0.417868	
841	0.253270	159	0.886792	0.885928	841	0.253270	0.354000	0.417772	
790	0.308861	210	0.900000	0.885928	790	0.308861	0.433000	0.417795	
822	0.295620	178	0.887640	0.885928	822	0.295620	0.401000	0.417770	
815	0.325153	185	0.918919	0.885928	815	0.325153	0.435000	0.417796	
814	0.304668	186	0.930108	0.885928	814	0.304668	0.421000	0.417800	
844	0.318720	156	0.916667	0.885928	844	0.318720	0.412000	0.417792	
826	0.343826	174	0.902299	0.885928	826	0.343826	0.441000	0.417826	
819	0.326007	181	0.906077	0.885928	819	0.326007	0.431000	0.417846	
830	0.296386	170	0.900000	0.885928	830	0.296386	0.399000	0.417818	
818	0.312958	182	0.912088	0.885928	818	0.312958	0.422000	0.417824	
831	0.342960	169	0.899408	0.885928	831	0.342960	0.437000	0.417852	
851	0.347826	149	0.919463	0.885928	851	0.347826	0.433000	0.417874	
824	0.345874	176	0.863636	0.885928	824	0.345874	0.437000	0.417902	
839	0.319428	161	0.937888	0.885928	839	0.319428	0.419000	0.417904	
829	0.369119	171	0.888889	0.885928	829	0.369119	0.458000	0.417963	
817	0.337821	183	0.901639	0.885928	817	0.337821	0.441000	0.417996	
831	0.342960	169	0.928994	0.885928	831	0.342960	0.442000	0.418032	
817	0.285190	183	0.907104	0.885928	817	0.285190	0.399000	0.418004	
815	0.306748	185	0.897297	0.885928	815	0.306748	0.416000	0.418001	
822	0.316302	178	0.904494	0.885928	822	0.316302	0.421000	0.418005	
806	0.302730	194	0.891753	0.885928	806	0.302730	0.417000	0.418004	
830	0.333735	170	0.911765	0.885928	830	0.333735	0.432000	0.418024	
844	0.362559	156	0.923077	0.885928	844	0.362559	0.450000	0.418070	
821	0.333739	179	0.932961	0.885928	821	0.333739	0.441000	0.418103	
831	0.336943	169	0.923077	0.885928	831	0.336943	0.436000	0.418129	
810	0.300000	190	0.915789	0.885928	810	0.300000	0.417000	0.418128	
834	0.305755	166	0.921687	0.885928	834	0.305755	0.408000	0.418113	
836	0.349282	164	0.902439	0.885928	836	0.349282	0.440000	0.418145	
819	0.291819	181	0.906077	0.885928	819	0.291819	0.403000	0.418123	
813	0.275523	187	0.893048	0.885928	813	0.275523	0.391000	0.418084	
841	0.384067	159	0.918239	0.885928	841	0.384067	0.469000	0.418157	
829	0.311218	171	0.929825	0.885928	829	0.311218	0.417000	0.418155	
838	0.385442	162	0.950617	0.885928	838	0.385442	0.477000	0.418239	
841	0.319857	159	0.905660	0.885928	841	0.319857	0.413000	0.418232	
844	0.313981	156	0.923077	0.885928	844	0.313981	0.409000	0.418218	
839	0.292014	161	0.925466	0.885928	839	0.292014	0.394000	0.418184	
840	0.311905	160	0.912500	0.885928	840	0.311905	0.408000	0.418170	
836	0.370813	164	0.896341	0.885928	836	0.370813	0.457000	0.418225	
803	0.349938	197	0.898477	0.885928	803	0.349938	0.458000	0.418281	
835	0.311377	165	0.915152	0.885928	835	0.311377	0.411000	0.418271	
842	0.344418	158	0.936709	0.885928	842	0.344418	0.438000	0.418298	
841	0.313912	159	0.924528	0.885928	841	0.313912	0.411000	0.418288	
836	0.358852	164	0.902439	0.885928	836	0.358852	0.448000	0.418330	
845	0.331361	155	0.935484	0.885928	845	0.331361	0.425000	0.418339	
841	0.336504	159	0.930818	0.885928	841	0.336504	0.431000	0.418357	
857	0.367561	143	0.909091	0.885928	857	0.367561	0.445000	0.418394	
862	0.302784	138	0.942029	0.885928	862	0.302784	0.391000	0.418356	
830	0.346988	170	0.941176	0.885928	830	0.346988	0.448000	0.418397	
832	0.318510	168	0.845238	0.885928	832	0.318510	0.407000	0.418382	
832	0.322115	168	0.910714	0.885928	832	0.322115	0.421000	0.418385	
827	0.263603	173	0.953757	0.885928	827	0.263603	0.383000	0.418336	
826	0.312349	174	0.913793	0.885928	826	0.312349	0.417000	0.418334	
841	0.290131	159	0.955975	0.885928	841	0.290131	0.396000	0.418303	
838	0.298329	162	0.925926	0.885928	838	0.298329	0.400000	0.418278	
829	0.359469	171	0.883041	0.885928	829	0.359469	0.449000	0.418320	
812	0.320197	188	0.936170	0.885928	812	0.320197	0.436000	0.418345	
819	0.349206	181	0.917127	0.885928	819	0.349206	0.452000	0.418391	
828	0.310386	172	0.918605	0.885928	828	0.310386	0.415000	0.418386	
829	0.290712	171	0.906433	0.885928	829	0.290712	0.396000	0.418356	
820	0.350000	180	0.933333	0.885928	820	0.350000	0.455000	0.418406	
833	0.350540	167	0.874251	0.885928	833	0.350540	0.438000	0.418433	
803	0.359900	197	0.888325	0.885928	803	0.359900	0.464000	0.418495	
820	0.339024	180	0.916667	0.885928	820	0.339024	0.443000	0.418529	
826	0.347458	174	0.896552	0.885928	826	0.347458	0.443000	0.418562	
842	0.319477	158	0.930380	0.885928	842	0.319477	0.416000	0.418559	
831	0.318893	169	0.911243	0.885928	831	0.318893	0.419000	0.418559	
829	0.316043	171	0.906433	0.885928	829	0.316043	0.417000	0.418557	
830	0.349398	170	0.917647	0.885928	830	0.349398	0.446000	0.418595	
821	0.353228	179	0.893855	0.885928	821	0.353228	0.450000	0.418637	
839	0.362336	161	0.900621	0.885928	839	0.362336	0.449000	0.418678	
829	0.322075	171	0.912281	0.885928	829	0.322075	0.423000	0.418684	
825	0.345455	175	0.891429	0.885928	825	0.345455	0.441000	0.418714	
818	0.334963	182	0.923077	0.885928	818	0.334963	0.442000	0.418746	
843	0.355872	157	0.923567	0.885928	843	0.355872	0.445000	0.418781	
824	0.378641	176	0.920455	0.885928	824	0.378641	0.474000	0.418855	
828	0.318841	172	0.906977	0.885928	828	0.318841	0.420000	0.418857	
802	0.307980	198	0.919192	0.885928	802	0.307980	0.429000	0.418871	
817	0.351285	183	0.950820	0.885928	817	0.351285	0.461000	0.418927	
832	0.337740	168	0.922619	0.885928	832	0.337740	0.436000	0.418950	
830	0.326506	170	0.894118	0.885928	830	0.326506	0.423000	0.418955	
831	0.303249	169	0.917160	0.885928	831	0.303249	0.407000	0.418939	
822	0.358881	178	0.910112	0.885928	822	0.358881	0.457000	0.418990	
844	0.313981	156	0.935897	0.885928	844	0.313981	0.411000	0.418979	
829	0.361882	171	0.900585	0.885928	829	0.361882	0.454000	0.419026	
825	0.334545	175	0.925714	0.885928	825	0.334545	0.438000	0.419051	
831	0.302046	169	0.875740	0.885928	831	0.302046	0.399000	0.419025	
812	0.370690	188	0.898936	0.885928	812	0.370690	0.470000	0.419092	
810	0.388889	190	0.857895	0.885928	810	0.388889	0.478000	0.419170	
842	0.327791	158	0.943038	0.885928	842	0.327791	0.425000	0.419178	
840	0.371429	160	0.931250	0.885928	840	0.371429	0.461000	0.419233	
832	0.287260	168	0.875000	0.885928	832	0.287260	0.386000	0.419189	
822	0.312652	178	0.870787	0.885928	822	0.312652	0.412000	0.419180	
815	0.332515	185	0.945946	0.885928	815	0.332515	0.446000	0.419215	
832	0.331731	168	0.910714	0.885928	832	0.331731	0.429000	0.419228	
827	0.319226	173	0.913295	0.885928	827	0.319226	0.422000	0.419231	
806	0.302730	194	0.912371	0.885928	806	0.302730	0.421000	0.419234	
837	0.322581	163	0.920245	0.885928	837	0.322581	0.420000	0.419235	
841	0.349584	159	0.880503	0.885928	841	0.349584	0.434000	0.419254	
855	0.345029	145	0.917241	0.885928	855	0.345029	0.428000	0.419265	
853	0.342321	147	0.918367	0.885928	853	0.342321	0.427000	0.419275	
811	0.383477	189	0.931217	0.885928	811	0.383477	0.487000	0.419364	
818	0.321516	182	0.901099	0.885928	818	0.321516	0.427000	0.419373	
848	0.258255	152	0.934211	0.885928	848	0.258255	0.361000	0.419298	
830	0.302410	170	0.905882	0.885928	830	0.302410	0.405000	0.419279	
817	0.275398	183	0.890710	0.885928	817	0.275398	0.388000	0.419239	
827	0.368803	173	0.924855	0.885928	827	0.368803	0.465000	0.419298	
818	0.333741	182	0.917582	0.885928	818	0.333741	0.440000	0.419325	
840	0.340476	160	0.950000	0.885928	840	0.340476	0.438000	0.419349	
821	0.328867	179	0.944134	0.885928	821	0.328867	0.439000	0.419374	
843	0.309609	157	0.929936	0.885928	843	0.309609	0.407000	0.419358	
804	0.310945	196	0.933673	0.885928	804	0.310945	0.433000	0.419376	
824	0.296117	176	0.914773	0.885928	824	0.296117	0.405000	0.419357	
817	0.287638	183	0.901639	0.885928	817	0.287638	0.400000	0.419332	
824	0.361650	176	0.869318	0.885928	824	0.361650	0.451000	0.419373	
830	0.309639	170	0.917647	0.885928	830	0.309639	0.413000	0.419365	
818	0.266504	182	0.928571	0.885928	818	0.266504	0.387000	0.419323	
817	0.280294	183	0.918033	0.885928	817	0.280294	0.397000	0.419295	
845	0.350296	155	0.941935	0.885928	845	0.350296	0.442000	0.419324	
838	0.324582	162	0.876543	0.885928	838	0.324582	0.414000	0.419317	
841	0.338882	159	0.867925	0.885928	841	0.338882	0.423000	0.419322	
851	0.312573	149	0.946309	0.885928	851	0.312573	0.407000	0.419306	
817	0.375765	183	0.918033	0.885928	817	0.375765	0.475000	0.419377	
810	0.287654	190	0.936842	0.885928	810	0.287654	0.411000	0.419366	
835	0.338922	165	0.909091	0.885928	835	0.338922	0.433000	0.419383	
841	0.338882	159	0.855346	0.885928	841	0.338882	0.421000	0.419385	
832	0.360577	168	0.904762	0.885928	832	0.360577	0.452000	0.419426	
821	0.354446	179	0.905028	0.885928	821	0.354446	0.453000	0.419469	
819	0.328449	181	0.922652	0.885928	819	0.328449	0.436000	0.419489	
822	0.319951	178	0.887640	0.885928	822	0.319951	0.421000	0.419491	
835	0.328144	165	0.903030	0.885928	835	0.328144	0.423000	0.419496	
808	0.241337	192	0.901042	0.885928	808	0.241337	0.368000	0.419431	
854	0.323185	146	0.910959	0.885928	854	0.323185	0.409000	0.419418	
804	0.296020	196	0.913265	0.885928	804	0.296020	0.417000	0.419415	
829	0.358263	171	0.959064	0.885928	829	0.358263	0.461000	0.419467	
840	0.351190	160	0.900000	0.885928	840	0.351190	0.439000	0.419491	
837	0.321386	163	0.957055	0.885928	837	0.321386	0.425000	0.419498	
843	0.330961	157	0.929936	0.885928	843	0.330961	0.425000	0.419505	
836	0.351675	164	0.920732	0.885928	836	0.351675	0.445000	0.419537	
839	0.339690	161	0.913043	0.885928	839	0.339690	0.432000	0.419552	
848	0.337264	152	0.907895	0.885928	848	0.337264	0.424000	0.419558	
840	0.336905	160	0.906250	0.885928	840	0.336905	0.428000	0.419568	
854	0.340749	146	0.924658	0.885928	854	0.340749	0.426000	0.419576	
838	0.257757	162	0.895062	0.885928	838	0.257757	0.361000	0.419504	
818	0.278729	182	0.862637	0.885928	818	0.278729	0.385000	0.419461	
824	0.303398	176	0.943182	0.885928	824	0.303398	0.416000	0.419457	
825	0.301818	175	0.925714	0.885928	825	0.301818	0.411000	0.419447	
839	0.300358	161	0.906832	0.885928	839	0.300358	0.398000	0.419420	
825	0.321212	175	0.891429	0.885928	825	0.321212	0.421000	0.419422	
840	0.320238	160	0.906250	0.885928	840	0.320238	0.414000	0.419416	
818	0.330073	182	0.917582	0.885928	818	0.330073	0.437000	0.419437	
816	0.303922	184	0.880435	0.885928	816	0.303922	0.410000	0.419426	
832	0.348558	168	0.910714	0.885928	832	0.348558	0.443000	0.419454	
841	0.335315	159	0.899371	0.885928	841	0.335315	0.425000	0.419461	
804	0.340796	196	0.918367	0.885928	804	0.340796	0.454000	0.419503	
813	0.361624	187	0.925134	0.885928	813	0.361624	0.467000	0.419561	
824	0.320388	176	0.931818	0.885928	824	0.320388	0.428000	0.419571	
825	0.349091	175	0.925714	0.885928	825	0.349091	0.450000	0.419608	
805	0.340373	195	0.938462	0.885928	805	0.340373	0.457000	0.419653	
841	0.367420	159	0.918239	0.885928	841	0.367420	0.455000	0.419696	
819	0.373626	181	0.955801	0.885928	819	0.373626	0.479000	0.419768	
826	0.364407	174	0.885057	0.885928	826	0.364407	0.455000	0.419810	
839	0.330155	161	0.919255	0.885928	839	0.330155	0.425000	0.419816	
833	0.316927	167	0.910180	0.885928	833	0.316927	0.416000	0.419812	
831	0.379061	169	0.893491	0.885928	831	0.379061	0.466000	0.419867	
819	0.347985	181	0.889503	0.885928	819	0.347985	0.446000	0.419899	
826	0.368039	174	0.902299	0.885928	826	0.368039	0.461000	0.419948	
840	0.363095	160	0.906250	0.885928	840	0.363095	0.450000	0.419984	
812	0.304187	188	0.920213	0.885928	812	0.304187	0.420000	0.419984	
834	0.335731	166	0.891566	0.885928	834	0.335731	0.428000	0.419994	
810	0.312346	190	0.894737	0.885928	810	0.312346	0.423000	0.419997	
823	0.337789	177	0.920904	0.885928	823	0.337789	0.441000	0.420022	
813	0.354244	187	0.930481	0.885928	813	0.354244	0.462000	0.420072	
826	0.359564	174	0.919540	0.885928	826	0.359564	0.457000	0.420116	
802	0.346633	198	0.944444	0.885928	802	0.346633	0.465000	0.420169	
793	0.353090	207	0.893720	0.885928	793	0.353090	0.465000	0.420223	
821	0.330085	179	0.899441	0.885928	821	0.330085	0.432000	0.420236	
806	0.306452	194	0.922680	0.885928	806	0.306452	0.426000	0.420243	
827	0.347037	173	0.913295	0.885928	827	0.347037	0.445000	0.420273	
818	0.337408	182	0.934066	0.885928	818	0.337408	0.446000	0.420303	
846	0.299054	154	0.922078	0.885928	846	0.299054	0.395000	0.420273	
847	0.299882	153	0.915033	0.885928	847	0.299882	0.394000	0.420242	
827	0.314389	173	0.947977	0.885928	827	0.314389	0.424000	0.420247	
843	0.372479	157	0.904459	0.885928	843	0.372479	0.456000	0.420289	
829	0.354644	171	0.912281	0.885928	829	0.354644	0.450000	0.420323	
847	0.318772	153	0.915033	0.885928	847	0.318772	0.410000	0.420311	
830	0.383133	170	0.911765	0.885928	830	0.383133	0.473000	0.420373	
814	0.319410	186	0.946237	0.885928	814	0.319410	0.436000	0.420391	
821	0.337393	179	0.910615	0.885928	821	0.337393	0.440000	0.420414	
845	0.262722	155	0.929032	0.885928	845	0.262722	0.366000	0.420351	
820	0.319512	180	0.911111	0.885928	820	0.319512	0.426000	0.420357	
831	0.334537	169	0.911243	0.885928	831	0.334537	0.432000	0.420371	
824	0.331311	176	0.931818	0.885928	824	0.331311	0.437000	0.420390	
827	0.331318	173	0.947977	0.885928	827	0.331318	0.438000	0.420411	
857	0.346558	143	0.888112	0.885928	857	0.346558	0.424000	0.420415	
836	0.327751	164	0.859756	0.885928	836	0.327751	0.415000	0.420409	
843	0.353499	157	0.929936	0.885928	843	0.353499	0.444000	0.420436	
844	0.336493	156	0.891026	0.885928	844	0.336493	0.423000	0.420439	
820	0.358537	180	0.933333	0.885928	820	0.358537	0.462000	0.420487	
836	0.305024	164	0.926829	0.885928	836	0.305024	0.407000	0.420471	
816	0.341912	184	0.907609	0.885928	816	0.341912	0.446000	0.420501	
824	0.300971	176	0.920455	0.885928	824	0.300971	0.410000	0.420489	
843	0.320285	157	0.898089	0.885928	843	0.320285	0.411000	0.420478	
852	0.359155	148	0.912162	0.885928	852	0.359155	0.441000	0.420501	
833	0.338535	167	0.874251	0.885928	833	0.338535	0.428000	0.420510	
829	0.373945	171	0.900585	0.885928	829	0.373945	0.464000	0.420560	
846	0.365248	154	0.889610	0.885928	846	0.365248	0.446000	0.420589	
828	0.338164	172	0.912791	0.885928	828	0.338164	0.437000	0.420608	
840	0.358333	160	0.912500	0.885928	840	0.358333	0.447000	0.420638	
830	0.371084	170	0.894118	0.885928	830	0.371084	0.460000	0.420683	
816	0.367647	184	0.896739	0.885928	816	0.367647	0.465000	0.420733	
824	0.344660	176	0.931818	0.885928	824	0.344660	0.448000	0.420764	
824	0.341019	176	0.914773	0.885928	824	0.341019	0.442000	0.420788	
826	0.308717	174	0.902299	0.885928	826	0.308717	0.412000	0.420778	
832	0.385817	168	0.940476	0.885928	832	0.385817	0.479000	0.420844	
832	0.399038	168	0.916667	0.885928	832	0.399038	0.486000	0.420918	
816	0.350490	184	0.875000	0.885928	816	0.350490	0.447000	0.420947	
820	0.345122	180	0.938889	0.885928	820	0.345122	0.452000	0.420983	
819	0.301587	181	0.917127	0.885928	819	0.301587	0.413000	0.420974	
853	0.297773	147	0.952381	0.885928	853	0.297773	0.394000	0.420943	
857	0.346558	143	0.881119	0.885928	857	0.346558	0.423000	0.420945	
838	0.312649	162	0.913580	0.885928	838	0.312649	0.410000	0.420933	
796	0.334171	204	0.911765	0.885928	796	0.334171	0.452000	0.420968	
811	0.320592	189	0.894180	0.885928	811	0.320592	0.429000	0.420977	
833	0.307323	167	0.898204	0.885928	833	0.307323	0.406000	0.420960	
829	0.314837	171	0.970760	0.885928	829	0.314837	0.427000	0.420967	
824	0.361650	176	0.931818	0.885928	824	0.361650	0.462000	0.421013	
834	0.329736	166	0.885542	0.885928	834	0.329736	0.422000	0.421014	
826	0.331719	174	0.919540	0.885928	826	0.331719	0.434000	0.421029	
813	0.377614	187	0.882353	0.885928	813	0.377614	0.472000	0.421085	
815	0.355828	185	0.924324	0.885928	815	0.355828	0.461000	0.421130	
797	0.318695	203	0.866995	0.885928	797	0.318695	0.430000	0.421140	
832	0.353365	168	0.904762	0.885928	832	0.353365	0.446000	0.421167	
826	0.332930	174	0.862069	0.885928	826	0.332930	0.425000	0.421172	
812	0.325123	188	0.930851	0.885928	812	0.325123	0.439000	0.421191	
818	0.328851	182	0.901099	0.885928	818	0.328851	0.433000	0.421204	
818	0.353301	182	0.884615	0.885928	818	0.353301	0.450000	0.421236	
818	0.355746	182	0.895604	0.885928	818	0.355746	0.454000	0.421272	
816	0.297794	184	0.885870	0.885928	816	0.297794	0.406000	0.421256	
798	0.310777	202	0.925743	0.885928	798	0.310777	0.435000	0.421271	
801	0.298377	199	0.929648	0.885928	801	0.298377	0.424000	0.421274	
837	0.329749	163	0.914110	0.885928	837	0.329749	0.425000	0.421278	
850	0.304706	150	0.900000	0.885928	850	0.304706	0.394000	0.421248	
852	0.355634	148	0.939189	0.885928	852	0.355634	0.442000	0.421271	
820	0.307317	180	0.911111	0.885928	820	0.307317	0.416000	0.421265	
831	0.311673	169	0.940828	0.885928	831	0.311673	0.418000	0.421261	
829	0.310012	171	0.888889	0.885928	829	0.310012	0.409000	0.421248	
838	0.287589	162	0.938272	0.885928	838	0.287589	0.393000	0.421217	
831	0.275572	169	0.905325	0.885928	831	0.275572	0.382000	0.421174	
840	0.336905	160	0.906250	0.885928	840	0.336905	0.428000	0.421182	
817	0.335373	183	0.912568	0.885928	817	0.335373	0.441000	0.421203	
833	0.338535	167	0.910180	0.885928	833	0.338535	0.434000	0.421217	
825	0.322424	175	0.960000	0.885928	825	0.322424	0.434000	0.421231	
831	0.347774	169	0.917160	0.885928	831	0.347774	0.444000	0.421256	
833	0.350540	167	0.892216	0.885928	833	0.350540	0.441000	0.421277	
824	0.325243	176	0.875000	0.885928	824	0.325243	0.422000	0.421278	
811	0.315660	189	0.931217	0.885928	811	0.315660	0.432000	0.421290	
826	0.342615	174	0.942529	0.885928	826	0.342615	0.447000	0.421317	
821	0.306943	179	0.899441	0.885928	821	0.306943	0.413000	0.421308	
807	0.344486	193	0.917098	0.885928	807	0.344486	0.455000	0.421345	
800	0.282500	200	0.925000	0.885928	800	0.282500	0.411000	0.421334	
837	0.322581	163	0.907975	0.885928	837	0.322581	0.418000	0.421330	
838	0.324582	162	0.864198	0.885928	838	0.324582	0.412000	0.421320	
827	0.296252	173	0.867052	0.885928	827	0.296252	0.395000	0.421292	
844	0.330569	156	0.929487	0.885928	844	0.330569	0.424000	0.421295	
847	0.318772	153	0.882353	0.885928	847	0.318772	0.405000	0.421277	
826	0.280872	174	0.919540	0.885928	826	0.280872	0.392000	0.421246	
809	0.365884	191	0.916230	0.885928	809	0.365884	0.471000	0.421299	
815	0.365644	185	0.891892	0.885928	815	0.365644	0.463000	0.421344	
809	0.294190	191	0.916230	0.885928	809	0.294190	0.413000	0.421335	
830	0.384337	170	0.894118	0.885928	830	0.384337	0.471000	0.421388	
842	0.343230	158	0.917722	0.885928	842	0.343230	0.434000	0.421401	
822	0.335766	178	0.910112	0.885928	822	0.335766	0.438000	0.421419	
813	0.322263	187	0.903743	0.885928	813	0.322263	0.431000	0.421429	
807	0.325898	193	0.927461	0.885928	807	0.325898	0.442000	0.421451	
827	0.336155	173	0.895954	0.885928	827	0.336155	0.433000	0.421463	
853	0.304807	147	0.925170	0.885928	853	0.304807	0.396000	0.421436	
831	0.303249	169	0.863905	0.885928	831	0.303249	0.398000	0.421411	
818	0.333741	182	0.912088	0.885928	818	0.333741	0.439000	0.421430	
817	0.292534	183	0.923497	0.885928	817	0.292534	0.408000	0.421416	
846	0.304965	154	0.883117	0.885928	846	0.304965	0.394000	0.421387	
840	0.342857	160	0.937500	0.885928	840	0.342857	0.438000	0.421404	
832	0.292067	168	0.892857	0.885928	832	0.292067	0.393000	0.421374	
833	0.355342	167	0.934132	0.885928	833	0.355342	0.452000	0.421406	
816	0.295343	184	0.869565	0.885928	816	0.295343	0.401000	0.421385	
849	0.299176	151	0.880795	0.885928	849	0.299176	0.387000	0.421349	
817	0.346389	183	0.950820	0.885928	817	0.346389	0.457000	0.421386	
840	0.320238	160	0.868750	0.885928	840	0.320238	0.408000	0.421372	
806	0.333747	194	0.927835	0.885928	806	0.333747	0.449000	0.421401	
839	0.375447	161	0.950311	0.885928	839	0.375447	0.468000	0.421450	
817	0.301102	183	0.923497	0.885928	817	0.301102	0.415000	0.421443	
822	0.358881	178	0.955056	0.885928	822	0.358881	0.465000	0.421489	
831	0.333333	169	0.875740	0.885928	831	0.333333	0.425000	0.421492	
813	0.306273	187	0.903743	0.885928	813	0.306273	0.418000	0.421489	
839	0.331347	161	0.906832	0.885928	839	0.331347	0.424000	0.421491	
827	0.373640	173	0.913295	0.885928	827	0.373640	0.467000	0.421539	
827	0.293833	173	0.907514	0.885928	827	0.293833	0.400000	0.421516	
836	0.300239	164	0.920732	0.885928	836	0.300239	0.402000	0.421496	
806	0.347395	194	0.917526	0.885928	806	0.347395	0.458000	0.421534	
822	0.285888	178	0.876404	0.885928	822	0.285888	0.391000	0.421502	
831	0.314079	169	0.934911	0.885928	831	0.314079	0.419000	0.421500	
833	0.291717	167	0.916168	0.885928	833	0.291717	0.396000	0.421473	
842	0.319477	158	0.911392	0.885928	842	0.319477	0.413000	0.421465	
833	0.316927	167	0.886228	0.885928	833	0.316927	0.412000	0.421455	
839	0.311085	161	0.919255	0.885928	839	0.311085	0.409000	0.421442	
829	0.326900	171	0.877193	0.885928	829	0.326900	0.421000	0.421441	
837	0.295102	163	0.901840	0.885928	837	0.295102	0.394000	0.421413	
835	0.298204	165	0.915152	0.885928	835	0.298204	0.400000	0.421391	
830	0.319277	170	0.911765	0.885928	830	0.319277	0.420000	0.421390	
841	0.298454	159	0.949686	0.885928	841	0.298454	0.402000	0.421370	
817	0.367197	183	0.939891	0.885928	817	0.367197	0.472000	0.421422	
835	0.352096	165	0.939394	0.885928	835	0.352096	0.449000	0.421450	
835	0.328144	165	0.909091	0.885928	835	0.328144	0.424000	0.421453	
826	0.323245	174	0.936782	0.885928	826	0.323245	0.430000	0.421461	
831	0.314079	169	0.905325	0.885928	831	0.314079	0.414000	0.421454	
850	0.316471	150	0.893333	0.885928	850	0.316471	0.403000	0.421435	
849	0.359246	151	0.907285	0.885928	849	0.359246	0.442000	0.421456	
836	0.382775	164	0.884146	0.885928	836	0.382775	0.465000	0.421500	
818	0.338631	182	0.928571	0.885928	818	0.338631	0.446000	0.421525	
841	0.286564	159	0.924528	0.885928	841	0.286564	0.388000	0.421491	
846	0.378251	154	0.896104	0.885928	846	0.378251	0.458000	0.421528	
828	0.329710	172	0.883721	0.885928	828	0.329710	0.425000	0.421531	
813	0.318573	187	0.887701	0.885928	813	0.318573	0.425000	0.421535	
829	0.324487	171	0.929825	0.885928	829	0.324487	0.428000	0.421541	
834	0.344125	166	0.957831	0.885928	834	0.344125	0.446000	0.421566	
826	0.318402	174	0.862069	0.885928	826	0.318402	0.413000	0.421557	
815	0.364417	185	0.902703	0.885928	815	0.364417	0.464000	0.421600	
835	0.299401	165	0.915152	0.885928	835	0.299401	0.401000	0.421579	
816	0.311275	184	0.951087	0.885928	816	0.311275	0.429000	0.421587	
814	0.375921	186	0.865591	0.885928	814	0.375921	0.467000	0.421632	
828	0.309179	172	0.895349	0.885928	828	0.309179	0.410000	0.421621	
832	0.347356	168	0.904762	0.885928	832	0.347356	0.441000	0.421640	
828	0.353865	172	0.912791	0.885928	828	0.353865	0.450000	0.421669	
850	0.291765	150	0.906667	0.885928	850	0.291765	0.384000	0.421631	
802	0.311721	198	0.888889	0.885928	802	0.311721	0.426000	0.421635	
820	0.315854	180	0.927778	0.885928	820	0.315854	0.426000	0.421640	
831	0.324910	169	0.893491	0.885928	831	0.324910	0.421000	0.421639	
814	0.305897	186	0.913978	0.885928	814	0.305897	0.419000	0.421636	
869	0.321059	131	0.862595	0.885928	869	0.321059	0.392000	0.421607	
835	0.329341	165	0.848485	0.885928	835	0.329341	0.415000	0.421600	
820	0.297561	180	0.883333	0.885928	820	0.297561	0.403000	0.421582	
801	0.382022	199	0.949749	0.885928	801	0.382022	0.495000	0.421655	
808	0.330446	192	0.911458	0.885928	808	0.330446	0.442000	0.421675	
860	0.347674	140	0.928571	0.885928	860	0.347674	0.429000	0.421682	
809	0.317676	191	0.931937	0.885928	809	0.317676	0.435000	0.421695	
835	0.319760	165	0.896970	0.885928	835	0.319760	0.415000	0.421689	
832	0.325721	168	0.869048	0.885928	832	0.325721	0.417000	0.421684	
815	0.339877	185	0.902703	0.885928	815	0.339877	0.444000	0.421706	
824	0.303398	176	0.892045	0.885928	824	0.303398	0.407000	0.421692	
820	0.317073	180	0.883333	0.885928	820	0.317073	0.419000	0.421689	
844	0.349526	156	0.903846	0.885928	844	0.349526	0.436000	0.421703	
810	0.269136	190	0.931579	0.885928	810	0.269136	0.395000	0.421677	
845	0.332544	155	0.922581	0.885928	845	0.332544	0.424000	0.421679	
830	0.336145	170	0.935294	0.885928	830	0.336145	0.438000	0.421695	
836	0.333732	164	0.884146	0.885928	836	0.333732	0.424000	0.421697	
814	0.361179	186	0.892473	0.885928	814	0.361179	0.460000	0.421735	
835	0.376048	165	0.945455	0.885928	835	0.376048	0.470000	0.421782	
832	0.330529	168	0.880952	0.885928	832	0.330529	0.423000	0.421783	
805	0.314286	195	0.887179	0.885928	805	0.314286	0.426000	0.421787	
817	0.326805	183	0.863388	0.885928	817	0.326805	0.425000	0.421790	
820	0.290244	180	0.916667	0.885928	820	0.290244	0.403000	0.421772	
836	0.287081	164	0.945122	0.885928	836	0.287081	0.395000	0.421746	
852	0.327465	148	0.898649	0.885928	852	0.327465	0.412000	0.421736	
824	0.342233	176	0.937500	0.885928	824	0.342233	0.447000	0.421761	
829	0.323281	171	0.894737	0.885928	829	0.323281	0.421000	0.421760	
815	0.319018	185	0.902703	0.885928	815	0.319018	0.427000	0.421765	
835	0.342515	165	0.884848	0.885928	835	0.342515	0.432000	0.421775	
829	0.337756	171	0.929825	0.885928	829	0.337756	0.439000	0.421792	
829	0.340169	171	0.900585	0.885928	829	0.340169	0.436000	0.421806	
828	0.278986	172	0.895349	0.885928	828	0.278986	0.385000	0.421770	
831	0.318893	169	0.934911	0.885928	831	0.318893	0.423000	0.421771	
853	0.320047	147	0.897959	0.885928	853	0.320047	0.405000	0.421755	
838	0.343675	162	0.864198	0.885928	838	0.343675	0.428000	0.421761	
831	0.314079	169	0.946746	0.885928	831	0.314079	0.421000	0.421760	
845	0.313609	155	0.948387	0.885928	845	0.313609	0.412000	0.421751	
833	0.342137	167	0.868263	0.885928	833	0.342137	0.430000	0.421759	
827	0.314389	173	0.913295	0.885928	827	0.314389	0.418000	0.421755	
851	0.326675	149	0.946309	0.885928	851	0.326675	0.419000	0.421753	
828	0.339372	172	0.918605	0.885928	828	0.339372	0.439000	0.421769	
838	0.329356	162	0.919753	0.885928	838	0.329356	0.425000	0.421772	
822	0.299270	178	0.926966	0.885928	822	0.299270	0.411000	0.421762	
806	0.322581	194	0.886598	0.885928	806	0.322581	0.432000	0.421772	
817	0.328029	183	0.934426	0.885928	817	0.328029	0.439000	0.421788	
833	0.369748	167	0.928144	0.885928	833	0.369748	0.463000	0.421827	
849	0.329800	151	0.887417	0.885928	849	0.329800	0.414000	0.421820	
830	0.298795	170	0.882353	0.885928	830	0.298795	0.398000	0.421797	
824	0.285194	176	0.948864	0.885928	824	0.285194	0.402000	0.421779	
827	0.269649	173	0.913295	0.885928	827	0.269649	0.381000	0.421740	
831	0.321300	169	0.899408	0.885928	831	0.321300	0.419000	0.421737	
824	0.354369	176	0.931818	0.885928	824	0.354369	0.456000	0.421770	
808	0.294554	192	0.927083	0.885928	808	0.294554	0.416000	0.421764	
797	0.294856	203	0.906404	0.885928	797	0.294856	0.419000	0.421762	
851	0.333725	149	0.946309	0.885928	851	0.333725	0.425000	0.421765	
819	0.354090	181	0.911602	0.885928	819	0.354090	0.455000	0.421796	
831	0.321300	169	0.940828	0.885928	831	0.321300	0.426000	0.421800	
812	0.347291	188	0.920213	0.885928	812	0.347291	0.455000	0.421831	
824	0.281553	176	0.892045	0.885928	824	0.281553	0.389000	0.421800	
801	0.309613	199	0.889447	0.885928	801	0.309613	0.425000	0.421803	
836	0.327751	164	0.847561	0.885928	836	0.327751	0.413000	0.421795	
828	0.327295	172	0.901163	0.885928	828	0.327295	0.426000	0.421799	
813	0.325953	187	0.893048	0.885928	813	0.325953	0.432000	0.421809	
834	0.304556	166	0.867470	0.885928	834	0.304556	0.398000	0.421786	
848	0.338443	152	0.875000	0.885928	848	0.338443	0.420000	0.421785	
843	0.281139	157	0.917197	0.885928	843	0.281139	0.381000	0.421747	
824	0.330097	176	0.886364	0.885928	824	0.330097	0.428000	0.421752	
843	0.314353	157	0.942675	0.885928	843	0.314353	0.413000	0.421744	
844	0.330569	156	0.948718	0.885928	844	0.330569	0.427000	0.421749	
829	0.361882	171	0.923977	0.885928	829	0.361882	0.458000	0.421783	
822	0.300487	178	0.943820	0.885928	822	0.300487	0.415000	0.421777	
819	0.329670	181	0.922652	0.885928	819	0.329670	0.437000	0.421791	
824	0.322816	176	0.903409	0.885928	824	0.322816	0.425000	0.421794	
838	0.317422	162	0.925926	0.885928	838	0.317422	0.416000	0.421788	
841	0.366231	159	0.955975	0.885928	841	0.366231	0.460000	0.421824	
848	0.329009	152	0.901316	0.885928	848	0.329009	0.416000	0.421818	
815	0.311656	185	0.908108	0.885928	815	0.311656	0.422000	0.421818	
829	0.296743	171	0.883041	0.885928	829	0.296743	0.397000	0.421796	
814	0.315725	186	0.870968	0.885928	814	0.315725	0.419000	0.421793	
830	0.353012	170	0.905882	0.885928	830	0.353012	0.447000	0.421816	
824	0.372573	176	0.897727	0.885928	824	0.372573	0.465000	0.421856	
800	0.353750	200	0.935000	0.885928	800	0.353750	0.470000	0.421900	
837	0.373955	163	0.944785	0.885928	837	0.373955	0.467000	0.421942	
848	0.346698	152	0.940789	0.885928	848	0.346698	0.437000	0.421956	
841	0.381688	159	0.880503	0.885928	841	0.381688	0.461000	0.421991	
826	0.345036	174	0.885057	0.885928	826	0.345036	0.439000	0.422007	
823	0.325638	177	0.937853	0.885928	823	0.325638	0.434000	0.422018	
839	0.380215	161	0.931677	0.885928	839	0.380215	0.469000	0.422061	
832	0.325721	168	0.910714	0.885928	832	0.325721	0.424000	0.422063	
817	0.342717	183	0.934426	0.885928	817	0.342717	0.451000	0.422089	
828	0.291063	172	0.918605	0.885928	828	0.291063	0.399000	0.422068	
840	0.308333	160	0.887500	0.885928	840	0.308333	0.401000	0.422049	
810	0.323457	190	0.894737	0.885928	810	0.323457	0.432000	0.422058	
826	0.360775	174	0.919540	0.885928	826	0.360775	0.458000	0.422091	
820	0.379268	180	0.927778	0.885928	820	0.379268	0.478000	0.422141	
