Default schedule
Rate	100.00
Rate Tried	% Accepted	Rates - Dev	Rates - Tried	Rates - Accepted	Sample Ave Acceptance	Total Ave Acceptance	
1	0.000000	0.215756	1	0.000000	0.000000	0.000000	
1000	0.568000	0.215756	1001	0.567433	0.568000	0.567433	
1000	0.499000	0.258507	1000	0.499000	0.499000	0.533233	
1000	0.423000	0.330190	1000	0.423000	0.423000	0.496501	
1000	0.280000	0.519395	1000	0.280000	0.280000	0.442389	
1000	0.242000	0.519395	1000	0.242000	0.242000	0.402320	
1000	0.263000	0.519395	1000	0.263000	0.263000	0.379103	
1000	0.267000	0.519395	1000	0.267000	0.267000	0.363091	
1000	0.223000	0.519395	1000	0.223000	0.223000	0.345582	
1000	0.296000	0.519395	1000	0.296000	0.296000	0.340073	
1000	0.232000	0.519395	1000	0.232000	0.232000	0.329267	
1000	0.263000	0.519395	1000	0.263000	0.263000	0.323243	
1000	0.262000	0.519395	1000	0.262000	0.262000	0.318140	
1000	0.235000	0.519395	1000	0.235000	0.235000	0.311745	
1000	0.259000	0.519395	1000	0.259000	0.259000	0.307978	
1000	0.297000	0.519395	1000	0.297000	0.297000	0.307246	
1000	0.284000	0.519395	1000	0.284000	0.284000	0.305793	
1000	0.239000	0.519395	1000	0.239000	0.239000	0.301865	
1000	0.282000	0.519395	1000	0.282000	0.282000	0.300761	
1000	0.289000	0.519395	1000	0.289000	0.289000	0.300142	
1000	0.282000	0.519395	1000	0.282000	0.282000	0.299235	
1000	0.253000	0.519395	1000	0.253000	0.253000	0.297033	
1000	0.290000	0.519395	1000	0.290000	0.290000	0.296714	
1000	0.281000	0.519395	1000	0.281000	0.281000	0.296031	
1000	0.271000	0.519395	1000	0.271000	0.271000	0.294988	
1000	0.285000	0.519395	1000	0.285000	0.285000	0.294588	
1000	0.283000	0.519395	1000	0.283000	0.283000	0.294143	
1000	0.272000	0.519395	1000	0.272000	0.272000	0.293322	
1000	0.316000	0.519395	1000	0.316000	0.316000	0.294132	
1000	0.204000	0.519395	1000	0.204000	0.204000	0.291024	
1000	0.241000	0.519395	1000	0.241000	0.241000	0.289357	
1000	0.267000	0.519395	1000	0.267000	0.267000	0.288636	
1000	0.289000	0.519395	1000	0.289000	0.289000	0.288647	
1000	0.233000	0.519395	1000	0.233000	0.233000	0.286961	
1000	0.285000	0.519395	1000	0.285000	0.285000	0.286903	
1000	0.299000	0.519395	1000	0.299000	0.299000	0.287249	
1000	0.285000	0.519395	1000	0.285000	0.285000	0.287186	
1000	0.289000	0.519395	1000	0.289000	0.289000	0.287235	
1000	0.249000	0.519395	1000	0.249000	0.249000	0.286229	
1000	0.257000	0.519395	1000	0.257000	0.257000	0.285480	
1000	0.295000	0.519395	1000	0.295000	0.295000	0.285718	
1000	0.278000	0.519395	1000	0.278000	0.278000	0.285530	
1000	0.280000	0.519395	1000	0.280000	0.280000	0.285398	
1000	0.284000	0.519395	1000	0.284000	0.284000	0.285365	
1000	0.253000	0.519395	1000	0.253000	0.253000	0.284630	
1000	0.272000	0.519395	1000	0.272000	0.272000	0.284349	
1000	0.242000	0.519395	1000	0.242000	0.242000	0.283429	
1000	0.254000	0.519395	1000	0.254000	0.254000	0.282802	
1000	0.230000	0.519395	1000	0.230000	0.230000	0.281702	
1000	0.282000	0.519395	1000	0.282000	0.282000	0.281709	
1000	0.274000	0.519395	1000	0.274000	0.274000	0.281554	
1000	0.256000	0.519395	1000	0.256000	0.256000	0.281053	
1000	0.260000	0.519395	1000	0.260000	0.260000	0.280648	
1000	0.271000	0.519395	1000	0.271000	0.271000	0.280466	
1000	0.280000	0.519395	1000	0.280000	0.280000	0.280458	
1000	0.262000	0.519395	1000	0.262000	0.262000	0.280122	
1000	0.251000	0.519395	1000	0.251000	0.251000	0.279602	
1000	0.253000	0.519395	1000	0.253000	0.253000	0.279135	
1000	0.279000	0.519395	1000	0.279000	0.279000	0.279133	
1000	0.251000	0.519395	1000	0.251000	0.251000	0.278656	
1000	0.275000	0.519395	1000	0.275000	0.275000	0.278595	
1000	0.265000	0.519395	1000	0.265000	0.265000	0.278372	
1000	0.293000	0.519395	1000	0.293000	0.293000	0.278608	
1000	0.265000	0.519395	1000	0.265000	0.265000	0.278392	
1000	0.266000	0.519395	1000	0.266000	0.266000	0.278199	
1000	0.302000	0.519395	1000	0.302000	0.302000	0.278565	
1000	0.261000	0.519395	1000	0.261000	0.261000	0.278299	
1000	0.265000	0.519395	1000	0.265000	0.265000	0.278100	
1000	0.235000	0.519395	1000	0.235000	0.235000	0.277467	
1000	0.303000	0.519395	1000	0.303000	0.303000	0.277837	
1000	0.281000	0.519395	1000	0.281000	0.281000	0.277882	
1000	0.263000	0.519395	1000	0.263000	0.263000	0.277672	
1000	0.245000	0.519395	1000	0.245000	0.245000	0.277218	
1000	0.280000	0.519395	1000	0.280000	0.280000	0.277256	
1000	0.277000	0.519395	1000	0.277000	0.277000	0.277253	
1000	0.265000	0.519395	1000	0.265000	0.265000	0.277090	
1000	0.260000	0.519395	1000	0.260000	0.260000	0.276865	
1000	0.265000	0.519395	1000	0.265000	0.265000	0.276711	
1000	0.262000	0.519395	1000	0.262000	0.262000	0.276522	
1000	0.276000	0.519395	1000	0.276000	0.276000	0.276515	
1000	0.281000	0.519395	1000	0.281000	0.281000	0.276572	
1000	0.276000	0.519395	1000	0.276000	0.276000	0.276564	
1000	0.268000	0.519395	1000	0.268000	0.268000	0.276460	
1000	0.245000	0.519395	1000	0.245000	0.245000	0.276081	
1000	0.286000	0.519395	1000	0.286000	0.286000	0.276199	
1000	0.212000	0.519395	1000	0.212000	0.212000	0.275444	
1000	0.280000	0.519395	1000	0.280000	0.280000	0.275497	
1000	0.269000	0.519395	1000	0.269000	0.269000	0.275422	
1000	0.258000	0.519395	1000	0.258000	0.258000	0.275224	
1000	0.258000	0.519395	1000	0.258000	0.258000	0.275031	
1000	0.272000	0.519395	1000	0.272000	0.272000	0.274997	
1000	0.296000	0.519395	1000	0.296000	0.296000	0.275228	
1000	0.231000	0.519395	1000	0.231000	0.231000	0.274747	
1000	0.270000	0.519395	1000	0.270000	0.270000	0.274696	
1000	0.256000	0.519395	1000	0.256000	0.256000	0.274497	
1000	0.271000	0.519395	1000	0.271000	0.271000	0.274460	
1000	0.283000	0.519395	1000	0.283000	0.283000	0.274549	
1000	0.278000	0.519395	1000	0.278000	0.278000	0.274585	
1000	0.260000	0.519395	1000	0.260000	0.260000	0.274436	
1000	0.272000	0.519395	1000	0.272000	0.272000	0.274411	
1000	0.265000	0.519395	1000	0.265000	0.265000	0.274317	
1000	0.300000	0.519395	1000	0.300000	0.300000	0.274572	
1000	0.270000	0.519395	1000	0.270000	0.270000	0.274527	
1000	0.262000	0.519395	1000	0.262000	0.262000	0.274405	
1000	0.282000	0.519395	1000	0.282000	0.282000	0.274478	
1000	0.286000	0.519395	1000	0.286000	0.286000	0.274588	
1000	0.253000	0.519395	1000	0.253000	0.253000	0.274384	
1000	0.285000	0.519395	1000	0.285000	0.285000	0.274483	
1000	0.309000	0.519395	1000	0.309000	0.309000	0.274803	
1000	0.249000	0.519395	1000	0.249000	0.249000	0.274566	
1000	0.265000	0.519395	1000	0.265000	0.265000	0.274479	
1000	0.255000	0.519395	1000	0.255000	0.255000	0.274304	
1000	0.249000	0.519395	1000	0.249000	0.249000	0.274078	
1000	0.279000	0.519395	1000	0.279000	0.279000	0.274121	
1000	0.296000	0.519395	1000	0.296000	0.296000	0.274313	
1000	0.274000	0.519395	1000	0.274000	0.274000	0.274311	
1000	0.267000	0.519395	1000	0.267000	0.267000	0.274248	
1000	0.248000	0.519395	1000	0.248000	0.248000	0.274023	
1000	0.289000	0.519395	1000	0.289000	0.289000	0.274150	
1000	0.225000	0.519395	1000	0.225000	0.225000	0.273737	
1000	0.253000	0.519395	1000	0.253000	0.253000	0.273564	
1000	0.268000	0.519395	1000	0.268000	0.268000	0.273518	
1000	0.224000	0.519395	1000	0.224000	0.224000	0.273113	
1000	0.234000	0.519395	1000	0.234000	0.234000	0.272795	
1000	0.288000	0.519395	1000	0.288000	0.288000	0.272917	
1000	0.239000	0.519395	1000	0.239000	0.239000	0.272646	
1000	0.229000	0.519395	1000	0.229000	0.229000	0.272299	
1000	0.264000	0.519395	1000	0.264000	0.264000	0.272234	
1000	0.258000	0.519395	1000	0.258000	0.258000	0.272123	
1000	0.291000	0.519395	1000	0.291000	0.291000	0.272269	
1000	0.259000	0.519395	1000	0.259000	0.259000	0.272167	
1000	0.266000	0.519395	1000	0.266000	0.266000	0.272120	
1000	0.281000	0.519395	1000	0.281000	0.281000	0.272187	
1000	0.282000	0.519395	1000	0.282000	0.282000	0.272261	
1000	0.271000	0.519395	1000	0.271000	0.271000	0.272252	
1000	0.310000	0.519395	1000	0.310000	0.310000	0.272531	
1000	0.240000	0.519395	1000	0.240000	0.240000	0.272292	
1000	0.255000	0.519395	1000	0.255000	0.255000	0.272166	
1000	0.258000	0.519395	1000	0.258000	0.258000	0.272063	
1000	0.273000	0.519395	1000	0.273000	0.273000	0.272070	
1000	0.277000	0.519395	1000	0.277000	0.277000	0.272105	
1000	0.282000	0.519395	1000	0.282000	0.282000	0.272175	
1000	0.269000	0.519395	1000	0.269000	0.269000	0.272153	
1000	0.252000	0.519395	1000	0.252000	0.252000	0.272012	
1000	0.243000	0.519395	1000	0.243000	0.243000	0.271811	
1000	0.256000	0.519395	1000	0.256000	0.256000	0.271702	
1000	0.292000	0.519395	1000	0.292000	0.292000	0.271841	
1000	0.265000	0.519395	1000	0.265000	0.265000	0.271794	
1000	0.268000	0.519395	1000	0.268000	0.268000	0.271768	
1000	0.237000	0.519395	1000	0.237000	0.237000	0.271535	
1000	0.282000	0.519395	1000	0.282000	0.282000	0.271605	
1000	0.266000	0.519395	1000	0.266000	0.266000	0.271568	
1000	0.273000	0.519395	1000	0.273000	0.273000	0.271577	
1000	0.245000	0.519395	1000	0.245000	0.245000	0.271403	
1000	0.275000	0.519395	1000	0.275000	0.275000	0.271427	
1000	0.284000	0.519395	1000	0.284000	0.284000	0.271508	
1000	0.278000	0.519395	1000	0.278000	0.278000	0.271550	
1000	0.283000	0.519395	1000	0.283000	0.283000	0.271622	
1000	0.272000	0.519395	1000	0.272000	0.272000	0.271625	
1000	0.276000	0.519395	1000	0.276000	0.276000	0.271652	
1000	0.268000	0.519395	1000	0.268000	0.268000	0.271630	
1000	0.276000	0.519395	1000	0.276000	0.276000	0.271657	
1000	0.255000	0.519395	1000	0.255000	0.255000	0.271554	
1000	0.276000	0.519395	1000	0.276000	0.276000	0.271581	
1000	0.275000	0.519395	1000	0.275000	0.275000	0.271602	
1000	0.283000	0.519395	1000	0.283000	0.283000	0.271671	
1000	0.277000	0.519395	1000	0.277000	0.277000	0.271703	
1000	0.270000	0.519395	1000	0.270000	0.270000	0.271693	
1000	0.287000	0.519395	1000	0.287000	0.287000	0.271784	
1000	0.236000	0.519395	1000	0.236000	0.236000	0.271572	
1000	0.270000	0.519395	1000	0.270000	0.270000	0.271563	
1000	0.280000	0.519395	1000	0.280000	0.280000	0.271612	
1000	0.269000	0.519395	1000	0.269000	0.269000	0.271597	
1000	0.249000	0.519395	1000	0.249000	0.249000	0.271467	
1000	0.237000	0.519395	1000	0.237000	0.237000	0.271269	
1000	0.276000	0.519395	1000	0.276000	0.276000	0.271296	
1000	0.223000	0.519395	1000	0.223000	0.223000	0.271021	
1000	0.216000	0.519395	1000	0.216000	0.216000	0.270710	
1000	0.256000	0.519395	1000	0.256000	0.256000	0.270628	
1000	0.224000	0.519395	1000	0.224000	0.224000	0.270367	
1000	0.252000	0.519395	1000	0.252000	0.252000	0.270265	
1000	0.252000	0.519395	1000	0.252000	0.252000	0.270164	
1000	0.258000	0.519395	1000	0.258000	0.258000	0.270097	
1000	0.257000	0.519395	1000	0.257000	0.257000	0.270026	
1000	0.248000	0.519395	1000	0.248000	0.248000	0.269906	
1000	0.284000	0.519395	1000	0.284000	0.284000	0.269982	
1000	0.260000	0.519395	1000	0.260000	0.260000	0.269929	
1000	0.292000	0.519395	1000	0.292000	0.292000	0.270047	
1000	0.266000	0.519395	1000	0.266000	0.266000	0.270025	
1000	0.267000	0.519395	1000	0.267000	0.267000	0.270009	
1000	0.228000	0.519395	1000	0.228000	0.228000	0.269788	
1000	0.236000	0.519395	1000	0.236000	0.236000	0.269611	
1000	0.259000	0.519395	1000	0.259000	0.259000	0.269556	
1000	0.281000	0.519395	1000	0.281000	0.281000	0.269615	
1000	0.283000	0.519395	1000	0.283000	0.283000	0.269684	
1000	0.244000	0.519395	1000	0.244000	0.244000	0.269552	
1000	0.244000	0.519395	1000	0.244000	0.244000	0.269422	
1000	0.254000	0.519395	1000	0.254000	0.254000	0.269344	
1000	0.243000	0.519395	1000	0.243000	0.243000	0.269211	
1000	0.278000	0.519395	1000	0.278000	0.278000	0.269255	
1000	0.276000	0.519395	1000	0.276000	0.276000	0.269289	
1000	0.249000	0.519395	1000	0.249000	0.249000	0.269188	
1000	0.274000	0.519395	1000	0.274000	0.274000	0.269212	
1000	0.264000	0.519395	1000	0.264000	0.264000	0.269186	
1000	0.264000	0.519395	1000	0.264000	0.264000	0.269160	
1000	0.236000	0.519395	1000	0.236000	0.236000	0.268999	
1000	0.283000	0.519395	1000	0.283000	0.283000	0.269067	
1000	0.259000	0.519395	1000	0.259000	0.259000	0.269018	
1000	0.241000	0.519395	1000	0.241000	0.241000	0.268883	
1000	0.245000	0.519395	1000	0.245000	0.245000	0.268769	
1000	0.256000	0.519395	1000	0.256000	0.256000	0.268708	
1000	0.305000	0.519395	1000	0.305000	0.305000	0.268880	
1000	0.257000	0.519395	1000	0.257000	0.257000	0.268824	
1000	0.261000	0.519395	1000	0.261000	0.261000	0.268787	
1000	0.258000	0.519395	1000	0.258000	0.258000	0.268737	
1000	0.247000	0.519395	1000	0.247000	0.247000	0.268636	
1000	0.264000	0.519395	1000	0.264000	0.264000	0.268614	
1000	0.284000	0.519395	1000	0.284000	0.284000	0.268685	
1000	0.256000	0.519395	1000	0.256000	0.256000	0.268627	
1000	0.274000	0.519395	1000	0.274000	0.274000	0.268652	
1000	0.235000	0.519395	1000	0.235000	0.235000	0.268499	
1000	0.258000	0.519395	1000	0.258000	0.258000	0.268451	
1000	0.244000	0.519395	1000	0.244000	0.244000	0.268341	
1000	0.253000	0.519395	1000	0.253000	0.253000	0.268272	
1000	0.287000	0.519395	1000	0.287000	0.287000	0.268356	
1000	0.253000	0.519395	1000	0.253000	0.253000	0.268288	
1000	0.253000	0.519395	1000	0.253000	0.253000	0.268220	
1000	0.253000	0.519395	1000	0.253000	0.253000	0.268153	
1000	0.307000	0.519395	1000	0.307000	0.307000	0.268323	
1000	0.280000	0.519395	1000	0.280000	0.280000	0.268374	
1000	0.251000	0.519395	1000	0.251000	0.251000	0.268299	
1000	0.250000	0.519395	1000	0.250000	0.250000	0.268220	
1000	0.250000	0.519395	1000	0.250000	0.250000	0.268141	
1000	0.254000	0.519395	1000	0.254000	0.254000	0.268080	
1000	0.253000	0.519395	1000	0.253000	0.253000	0.268016	
1000	0.281000	0.519395	1000	0.281000	0.281000	0.268071	
1000	0.237000	0.519395	1000	0.237000	0.237000	0.267940	
1000	0.269000	0.519395	1000	0.269000	0.269000	0.267944	
1000	0.245000	0.519395	1000	0.245000	0.245000	0.267848	
1000	0.190000	0.519395	1000	0.190000	0.190000	0.267522	
1000	0.319000	0.363430	1000	0.319000	0.319000	0.267736	
1000	0.343000	0.363430	1000	0.343000	0.343000	0.268049	
1000	0.382000	0.363430	1000	0.382000	0.382000	0.268520	
1000	0.412000	0.363430	1000	0.412000	0.412000	0.269110	
1000	0.398000	0.372283	1000	0.398000	0.398000	0.269638	
1000	0.382000	0.372283	1000	0.382000	0.382000	0.270097	
1000	0.398000	0.372283	1000	0.398000	0.398000	0.270617	
1000	0.386000	0.372283	1000	0.386000	0.386000	0.271084	
1000	0.371000	0.372283	1000	0.371000	0.371000	0.271487	
1000	0.386000	0.372283	1000	0.386000	0.386000	0.271947	
1000	0.435000	0.372283	1000	0.435000	0.435000	0.272599	
1000	0.240000	0.546407	1000	0.240000	0.240000	0.272469	
1000	0.199000	0.546407	1000	0.199000	0.199000	0.272177	
1000	0.314000	0.484311	1000	0.314000	0.314000	0.272343	
1000	0.284000	0.484311	1000	0.284000	0.284000	0.272389	
1000	0.299000	0.484311	1000	0.299000	0.299000	0.272493	
1000	0.299000	0.484311	1000	0.299000	0.299000	0.272597	
1000	0.286000	0.484311	1000	0.286000	0.286000	0.272649	
1000	0.296000	0.484311	1000	0.296000	0.296000	0.272739	
1000	0.278000	0.484311	1000	0.278000	0.278000	0.272760	
1000	0.306000	0.484311	1000	0.306000	0.306000	0.272887	
1000	0.285000	0.484311	1000	0.285000	0.285000	0.272934	
1000	0.287000	0.484311	1000	0.287000	0.287000	0.272988	
1000	0.280000	0.484311	1000	0.280000	0.280000	0.273014	
1000	0.289000	0.484311	1000	0.289000	0.289000	0.273075	
1000	0.290000	0.484311	1000	0.290000	0.290000	0.273139	
1000	0.279000	0.484311	1000	0.279000	0.279000	0.273161	
1000	0.307000	0.484311	1000	0.307000	0.307000	0.273287	
1000	0.317000	0.484311	1000	0.317000	0.317000	0.273450	
1000	0.315000	0.484311	1000	0.315000	0.315000	0.273605	
1000	0.280000	0.484311	1000	0.280000	0.280000	0.273629	
1000	0.257000	0.484311	1000	0.257000	0.257000	0.273567	
1000	0.269000	0.484311	1000	0.269000	0.269000	0.273550	
1000	0.304000	0.484311	1000	0.304000	0.304000	0.273662	
1000	0.286000	0.484311	1000	0.286000	0.286000	0.273707	
1000	0.302000	0.484311	1000	0.302000	0.302000	0.273810	
1000	0.268000	0.484311	1000	0.268000	0.268000	0.273789	
1000	0.269000	0.484311	1000	0.269000	0.269000	0.273772	
1000	0.305000	0.484311	1000	0.305000	0.305000	0.273884	
1000	0.297000	0.484311	1000	0.297000	0.297000	0.273967	
1000	0.290000	0.484311	1000	0.290000	0.290000	0.274024	
1000	0.293000	0.484311	1000	0.293000	0.293000	0.274092	
1000	0.313000	0.484311	1000	0.313000	0.313000	0.274230	
1000	0.243000	0.484311	1000	0.243000	0.243000	0.274119	
1000	0.311000	0.484311	1000	0.311000	0.311000	0.274249	
1000	0.298000	0.484311	1000	0.298000	0.298000	0.274332	
1000	0.318000	0.484311	1000	0.318000	0.318000	0.274485	
1000	0.282000	0.484311	1000	0.282000	0.282000	0.274511	
1000	0.281000	0.484311	1000	0.281000	0.281000	0.274534	
1000	0.335000	0.484311	1000	0.335000	0.335000	0.274743	
1000	0.312000	0.484311	1000	0.312000	0.312000	0.274871	
1000	0.269000	0.484311	1000	0.269000	0.269000	0.274851	
1000	0.294000	0.484311	1000	0.294000	0.294000	0.274917	
1000	0.291000	0.484311	1000	0.291000	0.291000	0.274972	
1000	0.307000	0.484311	1000	0.307000	0.307000	0.275081	
1000	0.314000	0.484311	1000	0.314000	0.314000	0.275213	
1000	0.272000	0.484311	1000	0.272000	0.272000	0.275202	
1000	0.279000	0.484311	1000	0.279000	0.279000	0.275215	
1000	0.300000	0.484311	1000	0.300000	0.300000	0.275298	
1000	0.302000	0.484311	1000	0.302000	0.302000	0.275387	
1000	0.271000	0.484311	1000	0.271000	0.271000	0.275372	
1000	0.262000	0.484311	1000	0.262000	0.262000	0.275328	
1000	0.271000	0.484311	1000	0.271000	0.271000	0.275314	
1000	0.297000	0.484311	1000	0.297000	0.297000	0.275385	
1000	0.293000	0.484311	1000	0.293000	0.293000	0.275443	
1000	0.323000	0.484311	1000	0.323000	0.323000	0.275599	
1000	0.301000	0.484311	1000	0.301000	0.301000	0.275682	
1000	0.293000	0.484311	1000	0.293000	0.293000	0.275739	
1000	0.306000	0.484311	1000	0.306000	0.306000	0.275837	
1000	0.275000	0.484311	1000	0.275000	0.275000	0.275834	
1000	0.323000	0.484311	1000	0.323000	0.323000	0.275986	
1000	0.303000	0.484311	1000	0.303000	0.303000	0.276073	
1000	0.285000	0.484311	1000	0.285000	0.285000	0.276102	
1000	0.303000	0.484311	1000	0.303000	0.303000	0.276188	
1000	0.293000	0.484311	1000	0.293000	0.293000	0.276241	
1000	0.290000	0.484311	1000	0.290000	0.290000	0.276285	
1000	0.284000	0.484311	1000	0.284000	0.284000	0.276309	
1000	0.243000	0.484311	1000	0.243000	0.243000	0.276204	
1000	0.292000	0.484311	1000	0.292000	0.292000	0.276254	
1000	0.291000	0.484311	1000	0.291000	0.291000	0.276300	
1000	0.323000	0.484311	1000	0.323000	0.323000	0.276446	
1000	0.311000	0.484311	1000	0.311000	0.311000	0.276554	
1000	0.305000	0.484311	1000	0.305000	0.305000	0.276642	
1000	0.261000	0.484311	1000	0.261000	0.261000	0.276594	
1000	0.281000	0.484311	1000	0.281000	0.281000	0.276607	
1000	0.275000	0.484311	1000	0.275000	0.275000	0.276602	
1000	0.291000	0.484311	1000	0.291000	0.291000	0.276646	
1000	0.278000	0.484311	1000	0.278000	0.278000	0.276651	
1000	0.298000	0.484311	1000	0.298000	0.298000	0.276716	
1000	0.287000	0.484311	1000	0.287000	0.287000	0.276747	
1000	0.330000	0.484311	1000	0.330000	0.330000	0.276908	
1000	0.315000	0.484311	1000	0.315000	0.315000	0.277023	
1000	0.269000	0.484311	1000	0.269000	0.269000	0.276999	
1000	0.252000	0.484311	1000	0.252000	0.252000	0.276924	
1000	0.260000	0.484311	1000	0.260000	0.260000	0.276873	
1000	0.273000	0.484311	1000	0.273000	0.273000	0.276862	
1000	0.331000	0.484311	1000	0.331000	0.331000	0.277023	
1000	0.290000	0.484311	1000	0.290000	0.290000	0.277061	
1000	0.292000	0.484311	1000	0.292000	0.292000	0.277106	
1000	0.298000	0.484311	1000	0.298000	0.298000	0.277167	
1000	0.316000	0.484311	1000	0.316000	0.316000	0.277282	
1000	0.334000	0.484311	1000	0.334000	0.334000	0.277448	
1000	0.316000	0.484311	1000	0.316000	0.316000	0.277561	
1000	0.257000	0.484311	1000	0.257000	0.257000	0.277501	
1000	0.292000	0.484311	1000	0.292000	0.292000	0.277543	
1000	0.339000	0.484311	1000	0.339000	0.339000	0.277721	
1000	0.276000	0.484311	1000	0.276000	0.276000	0.277716	
1000	0.301000	0.484311	1000	0.301000	0.301000	0.277783	
1000	0.303000	0.484311	1000	0.303000	0.303000	0.277856	
1000	0.292000	0.484311	1000	0.292000	0.292000	0.277896	
1000	0.291000	0.484311	1000	0.291000	0.291000	0.277933	
1000	0.266000	0.484311	1000	0.266000	0.266000	0.277899	
1000	0.307000	0.484311	1000	0.307000	0.307000	0.277982	
1000	0.282000	0.484311	1000	0.282000	0.282000	0.277994	
1000	0.303000	0.484311	1000	0.303000	0.303000	0.278064	
1000	0.333000	0.484311	1000	0.333000	0.333000	0.278219	
1000	0.285000	0.484311	1000	0.285000	0.285000	0.278238	
1000	0.283000	0.484311	1000	0.283000	0.283000	0.278251	
1000	0.292000	0.484311	1000	0.292000	0.292000	0.278290	
1000	0.256000	0.484311	1000	0.256000	0.256000	0.278228	
1000	0.270000	0.484311	1000	0.270000	0.270000	0.278205	
1000	0.291000	0.484311	1000	0.291000	0.291000	0.278240	
1000	0.275000	0.484311	1000	0.275000	0.275000	0.278231	
1000	0.248000	0.484311	1000	0.248000	0.248000	0.278148	
1000	0.295000	0.484311	1000	0.295000	0.295000	0.278194	
1000	0.275000	0.484311	1000	0.275000	0.275000	0.278186	
1000	0.317000	0.484311	1000	0.317000	0.317000	0.278292	
1000	0.320000	0.484311	1000	0.320000	0.320000	0.278405	
1000	0.304000	0.484311	1000	0.304000	0.304000	0.278475	
1000	0.276000	0.484311	1000	0.276000	0.276000	0.278468	
1000	0.290000	0.484311	1000	0.290000	0.290000	0.278499	
1000	0.299000	0.484311	1000	0.299000	0.299000	0.278555	
1000	0.305000	0.484311	1000	0.305000	0.305000	0.278626	
1000	0.323000	0.484311	1000	0.323000	0.323000	0.278745	
1000	0.294000	0.484311	1000	0.294000	0.294000	0.278785	
1000	0.332000	0.484311	1000	0.332000	0.332000	0.278927	
1000	0.325000	0.484311	1000	0.325000	0.325000	0.279050	
1000	0.315000	0.484311	1000	0.315000	0.315000	0.279145	
1000	0.307000	0.484311	1000	0.307000	0.307000	0.279219	
1000	0.281000	0.484311	1000	0.281000	0.281000	0.279224	
1000	0.321000	0.484311	1000	0.321000	0.321000	0.279333	
1000	0.286000	0.484311	1000	0.286000	0.286000	0.279351	
1000	0.286000	0.484311	1000	0.286000	0.286000	0.279368	
1000	0.289000	0.484311	1000	0.289000	0.289000	0.279394	
1000	0.274000	0.484311	1000	0.274000	0.274000	0.279379	
1000	0.322000	0.484311	1000	0.322000	0.322000	0.279490	
1000	0.288000	0.484311	1000	0.288000	0.288000	0.279512	
1000	0.292000	0.484311	1000	0.292000	0.292000	0.279544	
1000	0.297000	0.484311	1000	0.297000	0.297000	0.279589	
1000	0.281000	0.484311	1000	0.281000	0.281000	0.279593	
1000	0.269000	0.484311	1000	0.269000	0.269000	0.279566	
1000	0.289000	0.484311	1000	0.289000	0.289000	0.279590	
1000	0.300000	0.484311	1000	0.300000	0.300000	0.279642	
1000	0.263000	0.484311	1000	0.263000	0.263000	0.279600	
1000	0.289000	0.484311	1000	0.289000	0.289000	0.279624	
1000	0.275000	0.484311	1000	0.275000	0.275000	0.279612	
1000	0.292000	0.484311	1000	0.292000	0.292000	0.279643	
1000	0.303000	0.484311	1000	0.303000	0.303000	0.279702	
1000	0.288000	0.484311	1000	0.288000	0.288000	0.279723	
1000	0.320000	0.484311	1000	0.320000	0.320000	0.279824	
1000	0.290000	0.484311	1000	0.290000	0.290000	0.279849	
1000	0.295000	0.484311	1000	0.295000	0.295000	0.279887	
1000	0.296000	0.484311	1000	0.296000	0.296000	0.279927	
1000	0.291000	0.484311	1000	0.291000	0.291000	0.279955	
1000	0.265000	0.484311	1000	0.265000	0.265000	0.279918	
1000	0.266000	0.484311	1000	0.266000	0.266000	0.279883	
1000	0.267000	0.484311	1000	0.267000	0.267000	0.279852	
1000	0.245000	0.484311	1000	0.245000	0.245000	0.279766	
1000	0.252000	0.484311	1000	0.252000	0.252000	0.279698	
1000	0.261000	0.484311	1000	0.261000	0.261000	0.279652	
1000	0.302000	0.484311	1000	0.302000	0.302000	0.279707	
1000	0.305000	0.484311	1000	0.305000	0.305000	0.279768	
1000	0.292000	0.484311	1000	0.292000	0.292000	0.279798	
1000	0.278000	0.484311	1000	0.278000	0.278000	0.279794	
1000	0.307000	0.484311	1000	0.307000	0.307000	0.279859	
1000	0.331000	0.484311	1000	0.331000	0.331000	0.279982	
1000	0.292000	0.484311	1000	0.292000	0.292000	0.280011	
1000	0.303000	0.484311	1000	0.303000	0.303000	0.280066	
1000	0.304000	0.484311	1000	0.304000	0.304000	0.280124	
1000	0.286000	0.484311	1000	0.286000	0.286000	0.280138	
1000	0.283000	0.484311	1000	0.283000	0.283000	0.280145	
1000	0.250000	0.484311	1000	0.250000	0.250000	0.280073	
1000	0.275000	0.484311	1000	0.275000	0.275000	0.280061	
1000	0.308000	0.484311	1000	0.308000	0.308000	0.280127	
1000	0.294000	0.484311	1000	0.294000	0.294000	0.280160	
1000	0.291000	0.484311	1000	0.291000	0.291000	0.280185	
1000	0.300000	0.484311	1000	0.300000	0.300000	0.280232	
1000	0.307000	0.484311	1000	0.307000	0.307000	0.280294	
1000	0.303000	0.484311	1000	0.303000	0.303000	0.280347	
1000	0.290000	0.484311	1000	0.290000	0.290000	0.280370	
1000	0.248000	0.484311	1000	0.248000	0.248000	0.280295	
1000	0.280000	0.484311	1000	0.280000	0.280000	0.280294	
1000	0.320000	0.484311	1000	0.320000	0.320000	0.280386	
1000	0.242000	0.484311	1000	0.242000	0.242000	0.280297	
1000	0.281000	0.484311	1000	0.281000	0.281000	0.280299	
1000	0.235000	0.484311	1000	0.235000	0.235000	0.280195	
1000	0.298000	0.484311	1000	0.298000	0.298000	0.280236	
1000	0.239000	0.484311	1000	0.239000	0.239000	0.280141	
1000	0.289000	0.484311	1000	0.289000	0.289000	0.280161	
1000	0.264000	0.484311	1000	0.264000	0.264000	0.280125	
1000	0.295000	0.484311	1000	0.295000	0.295000	0.280158	
1000	0.262000	0.484311	1000	0.262000	0.262000	0.280117	
1000	0.270000	0.484311	1000	0.270000	0.270000	0.280094	
1000	0.316000	0.484311	1000	0.316000	0.316000	0.280175	
1000	0.304000	0.484311	1000	0.304000	0.304000	0.280229	
1000	0.261000	0.484311	1000	0.261000	0.261000	0.280186	
1000	0.273000	0.484311	1000	0.273000	0.273000	0.280170	
1000	0.249000	0.484311	1000	0.249000	0.249000	0.280100	
1000	0.279000	0.484311	1000	0.279000	0.279000	0.280098	
1000	0.259000	0.484311	1000	0.259000	0.259000	0.280051	
1000	0.287000	0.484311	1000	0.287000	0.287000	0.280066	
1000	0.306000	0.484311	1000	0.306000	0.306000	0.280124	
1000	0.262000	0.484311	1000	0.262000	0.262000	0.280083	
1000	0.307000	0.484311	1000	0.307000	0.307000	0.280143	
1000	0.319000	0.484311	1000	0.319000	0.319000	0.280228	
1000	0.303000	0.484311	1000	0.303000	0.303000	0.280279	
1000	0.297000	0.484311	1000	0.297000	0.297000	0.280315	
1000	0.251000	0.484311	1000	0.251000	0.251000	0.280251	
1000	0.302000	0.484311	1000	0.302000	0.302000	0.280299	
1000	0.286000	0.484311	1000	0.286000	0.286000	0.280311	
1000	0.292000	0.484311	1000	0.292000	0.292000	0.280336	
1000	0.300000	0.484311	1000	0.300000	0.300000	0.280379	
1000	0.296000	0.484311	1000	0.296000	0.296000	0.280413	
1000	0.270000	0.484311	1000	0.270000	0.270000	0.280390	
1000	0.273000	0.484311	1000	0.273000	0.273000	0.280374	
1000	0.310000	0.484311	1000	0.310000	0.310000	0.280438	
1000	0.299000	0.484311	1000	0.299000	0.299000	0.280478	
1000	0.317000	0.484311	1000	0.317000	0.317000	0.280556	
1000	0.303000	0.484311	1000	0.303000	0.303000	0.280604	
1000	0.301000	0.484311	1000	0.301000	0.301000	0.280648	
1000	0.276000	0.484311	1000	0.276000	0.276000	0.280638	
1000	0.296000	0.484311	1000	0.296000	0.296000	0.280670	
1000	0.308000	0.484311	1000	0.308000	0.308000	0.280728	
1000	0.271000	0.484311	1000	0.271000	0.271000	0.280708	
1000	0.279000	0.484311	1000	0.279000	0.279000	0.280704	
1000	0.275000	0.484311	1000	0.275000	0.275000	0.280692	
1000	0.326000	0.484311	1000	0.326000	0.326000	0.280787	
1000	0.292000	0.484311	1000	0.292000	0.292000	0.280811	
1000	0.276000	0.484311	1000	0.276000	0.276000	0.280801	
1000	0.260000	0.484311	1000	0.260000	0.260000	0.280757	
1000	0.252000	0.484311	1000	0.252000	0.252000	0.280697	
1000	0.312000	0.484311	1000	0.312000	0.312000	0.280762	
1000	0.308000	0.484311	1000	0.308000	0.308000	0.280819	
1000	0.303000	0.484311	1000	0.303000	0.303000	0.280865	
1000	0.256000	0.484311	1000	0.256000	0.256000	0.280813	
1000	0.290000	0.484311	1000	0.290000	0.290000	0.280832	
1000	0.275000	0.484311	1000	0.275000	0.275000	0.280820	
1000	0.287000	0.484311	1000	0.287000	0.287000	0.280833	
1000	0.304000	0.484311	1000	0.304000	0.304000	0.280881	
1000	0.274000	0.484311	1000	0.274000	0.274000	0.280867	
1000	0.300000	0.484311	1000	0.300000	0.300000	0.280906	
1000	0.270000	0.484311	1000	0.270000	0.270000	0.280883	
1000	0.292000	0.484311	1000	0.292000	0.292000	0.280906	
1000	0.297000	0.484311	1000	0.297000	0.297000	0.280939	
1000	0.311000	0.484311	1000	0.311000	0.311000	0.280999	
1000	0.316000	0.484311	1000	0.316000	0.316000	0.281070	
1000	0.283000	0.484311	1000	0.283000	0.283000	0.281074	
1000	0.279000	0.484311	1000	0.279000	0.279000	0.281070	
1000	0.283000	0.484311	1000	0.283000	0.283000	0.281074	
1000	0.299000	0.484311	1000	0.299000	0.299000	0.281110	
1000	0.260000	0.484311	1000	0.260000	0.260000	0.281067	
1000	0.256000	0.484311	1000	0.256000	0.256000	0.281017	
1000	0.346000	0.484311	1000	0.346000	0.346000	0.281147	
1000	0.256000	0.484311	1000	0.256000	0.256000	0.281097	
1000	0.291000	0.484311	1000	0.291000	0.291000	0.281117	
1000	0.309000	0.484311	1000	0.309000	0.309000	0.281172	
1000	0.308000	0.484311	1000	0.308000	0.308000	0.281225	
1000	0.284000	0.484311	1000	0.284000	0.284000	0.281230	
1000	0.287000	0.484311	1000	0.287000	0.287000	0.281242	
1000	0.252000	0.484311	1000	0.252000	0.252000	0.281184	
1000	0.300000	0.484311	1000	0.300000	0.300000	0.281221	
1000	0.274000	0.484311	1000	0.274000	0.274000	0.281207	
1000	0.293000	0.484311	1000	0.293000	0.293000	0.281230	
1000	0.274000	0.484311	1000	0.274000	0.274000	0.281216	
1000	0.272000	0.484311	1000	0.272000	0.272000	0.281198	
1000	0.316000	0.484311	1000	0.316000	0.316000	0.281265	
1000	0.269000	0.484311	1000	0.269000	0.269000	0.281242	
1000	0.283000	0.484311	1000	0.283000	0.283000	0.281245	
1000	0.267000	0.484311	1000	0.267000	0.267000	0.281218	
1000	0.305000	0.484311	1000	0.305000	0.305000	0.281263	
1000	0.288000	0.484311	1000	0.288000	0.288000	0.281276	
1000	0.327000	0.484311	1000	0.327000	0.327000	0.281364	
1000	0.301000	0.484311	1000	0.301000	0.301000	0.281402	
1000	0.317000	0.484311	1000	0.317000	0.317000	0.281470	
1000	0.289000	0.484311	1000	0.289000	0.289000	0.281484	
1000	0.303000	0.484311	1000	0.303000	0.303000	0.281525	
1000	0.313000	0.484311	1000	0.313000	0.313000	0.281585	
1000	0.280000	0.484311	1000	0.280000	0.280000	0.281582	
1000	0.305000	0.484311	1000	0.305000	0.305000	0.281626	
1000	0.268000	0.484311	1000	0.268000	0.268000	0.281601	
1000	0.285000	0.484311	1000	0.285000	0.285000	0.281607	
1000	0.298000	0.484311	1000	0.298000	0.298000	0.281638	
1000	0.307000	0.484311	1000	0.307000	0.307000	0.281686	
1000	0.284000	0.484311	1000	0.284000	0.284000	0.281690	
1000	0.300000	0.484311	1000	0.300000	0.300000	0.281724	
1000	0.320000	0.484311	1000	0.320000	0.320000	0.281796	
1000	0.291000	0.484311	1000	0.291000	0.291000	0.281813	
1000	0.301000	0.484311	1000	0.301000	0.301000	0.281849	
1000	0.269000	0.484311	1000	0.269000	0.269000	0.281825	
1000	0.304000	0.484311	1000	0.304000	0.304000	0.281866	
1000	0.300000	0.484311	1000	0.300000	0.300000	0.281899	
1000	0.335000	0.484311	1000	0.335000	0.335000	0.281998	
1000	0.270000	0.484311	1000	0.270000	0.270000	0.281975	
1000	0.286000	0.484311	1000	0.286000	0.286000	0.281983	
1000	0.285000	0.484311	1000	0.285000	0.285000	0.281988	
1000	0.304000	0.484311	1000	0.304000	0.304000	0.282029	
1000	0.268000	0.484311	1000	0.268000	0.268000	0.282003	
1000	0.303000	0.484311	1000	0.303000	0.303000	0.282042	
1000	0.269000	0.484311	1000	0.269000	0.269000	0.282018	
1000	0.275000	0.484311	1000	0.275000	0.275000	0.282005	
1000	0.255000	0.484311	1000	0.255000	0.255000	0.281956	
1000	0.287000	0.484311	1000	0.287000	0.287000	0.281965	
1000	0.291000	0.484311	1000	0.291000	0.291000	0.281981	
1000	0.274000	0.484311	1000	0.274000	0.274000	0.281967	
1000	0.319000	0.484311	1000	0.319000	0.319000	0.282034	
1000	0.276000	0.484311	1000	0.276000	0.276000	0.282023	
1000	0.309000	0.484311	1000	0.309000	0.309000	0.282071	
1000	0.298000	0.484311	1000	0.298000	0.298000	0.282100	
1000	0.303000	0.484311	1000	0.303000	0.303000	0.282137	
1000	0.298000	0.484311	1000	0.298000	0.298000	0.282166	
1000	0.274000	0.484311	1000	0.274000	0.274000	0.282151	
1000	0.252000	0.484311	1000	0.252000	0.252000	0.282098	
1000	0.304000	0.484311	1000	0.304000	0.304000	0.282137	
1000	0.291000	0.484311	1000	0.291000	0.291000	0.282152	
1000	0.273000	0.484311	1000	0.273000	0.273000	0.282136	
1000	0.271000	0.484311	1000	0.271000	0.271000	0.282116	
1000	0.301000	0.484311	1000	0.301000	0.301000	0.282150	
1000	0.280000	0.484311	1000	0.280000	0.280000	0.282146	
1000	0.302000	0.484311	1000	0.302000	0.302000	0.282181	
1000	0.299000	0.484311	1000	0.299000	0.299000	0.282210	
1000	0.287000	0.484311	1000	0.287000	0.287000	0.282219	
1000	0.269000	0.484311	1000	0.269000	0.269000	0.282196	
1000	0.297000	0.484311	1000	0.297000	0.297000	0.282222	
1000	0.265000	0.484311	1000	0.265000	0.265000	0.282191	
1000	0.292000	0.484311	1000	0.292000	0.292000	0.282209	
1000	0.307000	0.484311	1000	0.307000	0.307000	0.282252	
1000	0.293000	0.484311	1000	0.293000	0.293000	0.282270	
1000	0.307000	0.484311	1000	0.307000	0.307000	0.282313	
1000	0.264000	0.484311	1000	0.264000	0.264000	0.282282	
1000	0.258000	0.484311	1000	0.258000	0.258000	0.282240	
1000	0.308000	0.484311	1000	0.308000	0.308000	0.282284	
1000	0.276000	0.484311	1000	0.276000	0.276000	0.282273	
1000	0.275000	0.484311	1000	0.275000	0.275000	0.282261	
1000	0.258000	0.484311	1000	0.258000	0.258000	0.282219	
1000	0.275000	0.484311	1000	0.275000	0.275000	0.282207	
1000	0.315000	0.484311	1000	0.315000	0.315000	0.282263	
1000	0.295000	0.484311	1000	0.295000	0.295000	0.282285	
1000	0.291000	0.484311	1000	0.291000	0.291000	0.282299	
1000	0.326000	0.484311	1000	0.326000	0.326000	0.282374	
1000	0.299000	0.484311	1000	0.299000	0.299000	0.282402	
1000	0.277000	0.484311	1000	0.277000	0.277000	0.282393	
1000	0.248000	0.484311	1000	0.248000	0.248000	0.282335	
1000	0.321000	0.484311	1000	0.321000	0.321000	0.282400	
1000	0.325000	0.484311	1000	0.325000	0.325000	0.282472	
1000	0.288000	0.484311	1000	0.288000	0.288000	0.282481	
1000	0.319000	0.484311	1000	0.319000	0.319000	0.282542	
1000	0.304000	0.484311	1000	0.304000	0.304000	0.282578	
1000	0.290000	0.484311	1000	0.290000	0.290000	0.282591	
1000	0.287000	0.484311	1000	0.287000	0.287000	0.282598	
1000	0.291000	0.484311	1000	0.291000	0.291000	0.282612	
1000	0.308000	0.484311	1000	0.308000	0.308000	0.282655	
1000	0.276000	0.484311	1000	0.276000	0.276000	0.282643	
1000	0.304000	0.484311	1000	0.304000	0.304000	0.282679	
1000	0.284000	0.484311	1000	0.284000	0.284000	0.282681	
1000	0.321000	0.484311	1000	0.321000	0.321000	0.282745	
1000	0.298000	0.484311	1000	0.298000	0.298000	0.282770	
1000	0.306000	0.484311	1000	0.306000	0.306000	0.282808	
1000	0.266000	0.484311	1000	0.266000	0.266000	0.282780	
1000	0.296000	0.484311	1000	0.296000	0.296000	0.282802	
1000	0.307000	0.484311	1000	0.307000	0.307000	0.282842	
1000	0.321000	0.484311	1000	0.321000	0.321000	0.282904	
1000	0.295000	0.484311	1000	0.295000	0.295000	0.282924	
1000	0.264000	0.484311	1000	0.264000	0.264000	0.282893	
1000	0.287000	0.484311	1000	0.287000	0.287000	0.282900	
1000	0.286000	0.484311	1000	0.286000	0.286000	0.282905	
1000	0.284000	0.484311	1000	0.284000	0.284000	0.282907	
1000	0.278000	0.484311	1000	0.278000	0.278000	0.282899	
1000	0.254000	0.484311	1000	0.254000	0.254000	0.282852	
1000	0.313000	0.484311	1000	0.313000	0.313000	0.282901	
1000	0.301000	0.484311	1000	0.301000	0.301000	0.282930	
1000	0.262000	0.484311	1000	0.262000	0.262000	0.282896	
1000	0.262000	0.484311	1000	0.262000	0.262000	0.282863	
1000	0.295000	0.484311	1000	0.295000	0.295000	0.282882	
1000	0.308000	0.484311	1000	0.308000	0.308000	0.282922	
1000	0.308000	0.484311	1000	0.308000	0.308000	0.282963	
1000	0.302000	0.484311	1000	0.302000	0.302000	0.282993	
1000	0.305000	0.484311	1000	0.305000	0.305000	0.283028	
1000	0.310000	0.484311	1000	0.310000	0.310000	0.283071	
1000	0.294000	0.484311	1000	0.294000	0.294000	0.283089	
1000	0.291000	0.484311	1000	0.291000	0.291000	0.283101	
1000	0.277000	0.484311	1000	0.277000	0.277000	0.283092	
1000	0.315000	0.484311	1000	0.315000	0.315000	0.283142	
1000	0.315000	0.484311	1000	0.315000	0.315000	0.283193	
1000	0.302000	0.484311	1000	0.302000	0.302000	0.283222	
1000	0.282000	0.484311	1000	0.282000	0.282000	0.283220	
1000	0.286000	0.484311	1000	0.286000	0.286000	0.283225	
1000	0.325000	0.484311	1000	0.325000	0.325000	0.283290	
1000	0.283000	0.484311	1000	0.283000	0.283000	0.283290	
1000	0.312000	0.484311	1000	0.312000	0.312000	0.283335	
1000	0.302000	0.484311	1000	0.302000	0.302000	0.283364	
1000	0.283000	0.484311	1000	0.283000	0.283000	0.283364	
1000	0.291000	0.484311	1000	0.291000	0.291000	0.283376	
1000	0.320000	0.484311	1000	0.320000	0.320000	0.283433	
1000	0.299000	0.484311	1000	0.299000	0.299000	0.283457	
1000	0.296000	0.484311	1000	0.296000	0.296000	0.283476	
1000	0.286000	0.484311	1000	0.286000	0.286000	0.283480	
1000	0.269000	0.484311	1000	0.269000	0.269000	0.283458	
1000	0.290000	0.484311	1000	0.290000	0.290000	0.283468	
1000	0.302000	0.484311	1000	0.302000	0.302000	0.283496	
1000	0.335000	0.484311	1000	0.335000	0.335000	0.283576	
1000	0.282000	0.484311	1000	0.282000	0.282000	0.283573	
1000	0.286000	0.484311	1000	0.286000	0.286000	0.283577	
1000	0.312000	0.484311	1000	0.312000	0.312000	0.283621	
1000	0.272000	0.484311	1000	0.272000	0.272000	0.283603	
1000	0.329000	0.484311	1000	0.329000	0.329000	0.283672	
1000	0.283000	0.484311	1000	0.283000	0.283000	0.283671	
1000	0.324000	0.484311	1000	0.324000	0.324000	0.283733	
1000	0.307000	0.484311	1000	0.307000	0.307000	0.283768	
1000	0.302000	0.484311	1000	0.302000	0.302000	0.283796	
1000	0.262000	0.484311	1000	0.262000	0.262000	0.283763	
1000	0.292000	0.484311	1000	0.292000	0.292000	0.283775	
1000	0.277000	0.484311	1000	0.277000	0.277000	0.283765	
1000	0.251000	0.484311	1000	0.251000	0.251000	0.283716	
1000	0.285000	0.484311	1000	0.285000	0.285000	0.283718	
1000	0.285000	0.484311	1000	0.285000	0.285000	0.283719	
1000	0.329000	0.484311	1000	0.329000	0.329000	0.283788	
1000	0.277000	0.484311	1000	0.277000	0.277000	0.283777	
1000	0.301000	0.484311	1000	0.301000	0.301000	0.283803	
1000	0.280000	0.484311	1000	0.280000	0.280000	0.283797	
1000	0.292000	0.484311	1000	0.292000	0.292000	0.283810	
1000	0.328000	0.484311	1000	0.328000	0.328000	0.283876	
1000	0.313000	0.484311	1000	0.313000	0.313000	0.283919	
1000	0.309000	0.484311	1000	0.309000	0.309000	0.283956	
1000	0.291000	0.484311	1000	0.291000	0.291000	0.283967	
1000	0.320000	0.484311	1000	0.320000	0.320000	0.284020	
1000	0.325000	0.484311	1000	0.325000	0.325000	0.284081	
1000	0.274000	0.484311	1000	0.274000	0.274000	0.284066	
1000	0.299000	0.484311	1000	0.299000	0.299000	0.284088	
1000	0.291000	0.484311	1000	0.291000	0.291000	0.284098	
1000	0.316000	0.484311	1000	0.316000	0.316000	0.284145	
1000	0.285000	0.484311	1000	0.285000	0.285000	0.284147	
1000	0.302000	0.484311	1000	0.302000	0.302000	0.284173	
1000	0.296000	0.484311	1000	0.296000	0.296000	0.284190	
1000	0.300000	0.484311	1000	0.300000	0.300000	0.284213	
1000	0.312000	0.484311	1000	0.312000	0.312000	0.284254	
1000	0.319000	0.484311	1000	0.319000	0.319000	0.284305	
1000	0.303000	0.484311	1000	0.303000	0.303000	0.284332	
1000	0.273000	0.484311	1000	0.273000	0.273000	0.284315	
1000	0.305000	0.484311	1000	0.305000	0.305000	0.284346	
1000	0.338000	0.484311	1000	0.338000	0.338000	0.284423	
1000	0.284000	0.484311	1000	0.284000	0.284000	0.284423	
1000	0.297000	0.484311	1000	0.297000	0.297000	0.284441	
1000	0.265000	0.484311	1000	0.265000	0.265000	0.284413	
1000	0.272000	0.484311	1000	0.272000	0.272000	0.284395	
1000	0.330000	0.484311	1000	0.330000	0.330000	0.284461	
1000	0.313000	0.484311	1000	0.313000	0.313000	0.284502	
1000	0.285000	0.484311	1000	0.285000	0.285000	0.284502	
1000	0.284000	0.484311	1000	0.284000	0.284000	0.284502	
1000	0.281000	0.484311	1000	0.281000	0.281000	0.284497	
1000	0.264000	0.484311	1000	0.264000	0.264000	0.284467	
1000	0.269000	0.484311	1000	0.269000	0.269000	0.284445	
1000	0.291000	0.484311	1000	0.291000	0.291000	0.284455	
1000	0.308000	0.484311	1000	0.308000	0.308000	0.284488	
1000	0.289000	0.484311	1000	0.289000	0.289000	0.284495	
1000	0.323000	0.484311	1000	0.323000	0.323000	0.284549	
1000	0.317000	0.484311	1000	0.317000	0.317000	0.284595	
1000	0.307000	0.484311	1000	0.307000	0.307000	0.284627	
1000	0.256000	0.484311	1000	0.256000	0.256000	0.284587	
1000	0.274000	0.484311	1000	0.274000	0.274000	0.284572	
1000	0.278000	0.484311	1000	0.278000	0.278000	0.284562	
1000	0.274000	0.484311	1000	0.274000	0.274000	0.284547	
1000	0.288000	0.484311	1000	0.288000	0.288000	0.284552	
1000	0.300000	0.484311	1000	0.300000	0.300000	0.284574	
1000	0.292000	0.484311	1000	0.292000	0.292000	0.284584	
1000	0.286000	0.484311	1000	0.286000	0.286000	0.284586	
1000	0.278000	0.484311	1000	0.278000	0.278000	0.284577	
1000	0.302000	0.484311	1000	0.302000	0.302000	0.284602	
1000	0.293000	0.484311	1000	0.293000	0.293000	0.284613	
1000	0.287000	0.484311	1000	0.287000	0.287000	0.284617	
1000	0.295000	0.484311	1000	0.295000	0.295000	0.284631	
1000	0.267000	0.484311	1000	0.267000	0.267000	0.284607	
1000	0.271000	0.484311	1000	0.271000	0.271000	0.284588	
1000	0.255000	0.484311	1000	0.255000	0.255000	0.284547	
1000	0.286000	0.484311	1000	0.286000	0.286000	0.284549	
1000	0.276000	0.484311	1000	0.276000	0.276000	0.284537	
1000	0.299000	0.484311	1000	0.299000	0.299000	0.284557	
1000	0.281000	0.484311	1000	0.281000	0.281000	0.284552	
1000	0.300000	0.484311	1000	0.300000	0.300000	0.284573	
1000	0.283000	0.484311	1000	0.283000	0.283000	0.284571	
1000	0.305000	0.484311	1000	0.305000	0.305000	0.284599	
1000	0.320000	0.484311	1000	0.320000	0.320000	0.284648	
1000	0.304000	0.484311	1000	0.304000	0.304000	0.284674	
1000	0.309000	0.484311	1000	0.309000	0.309000	0.284707	
1000	0.276000	0.484311	1000	0.276000	0.276000	0.284695	
1000	0.298000	0.484311	1000	0.298000	0.298000	0.284714	
1000	0.315000	0.484311	1000	0.315000	0.315000	0.284755	
1000	0.286000	0.484311	1000	0.286000	0.286000	0.284756	
1000	0.300000	0.484311	1000	0.300000	0.300000	0.284777	
1000	0.308000	0.484311	1000	0.308000	0.308000	0.284809	
1000	0.321000	0.484311	1000	0.321000	0.321000	0.284858	
1000	0.296000	0.484311	1000	0.296000	0.296000	0.284873	
1000	0.274000	0.484311	1000	0.274000	0.274000	0.284858	
1000	0.241000	0.484311	1000	0.241000	0.241000	0.284799	
1000	0.300000	0.484311	1000	0.300000	0.300000	0.284819	
1000	0.245000	0.484311	1000	0.245000	0.245000	0.284766	
1000	0.293000	0.484311	1000	0.293000	0.293000	0.284777	
1000	0.284000	0.484311	1000	0.284000	0.284000	0.284776	
1000	0.280000	0.484311	1000	0.280000	0.280000	0.284769	
1000	0.254000	0.484311	1000	0.254000	0.254000	0.284728	
1000	0.296000	0.484311	1000	0.296000	0.296000	0.284743	
1000	0.310000	0.484311	1000	0.310000	0.310000	0.284777	
1000	0.284000	0.484311	1000	0.284000	0.284000	0.284776	
1000	0.282000	0.484311	1000	0.282000	0.282000	0.284772	
1000	0.284000	0.484311	1000	0.284000	0.284000	0.284771	
1000	0.297000	0.484311	1000	0.297000	0.297000	0.284787	
1000	0.315000	0.484311	1000	0.315000	0.315000	0.284827	
1000	0.298000	0.484311	1000	0.298000	0.298000	0.284845	
1000	0.255000	0.484311	1000	0.255000	0.255000	0.284805	
1000	0.292000	0.484311	1000	0.292000	0.292000	0.284815	
1000	0.290000	0.484311	1000	0.290000	0.290000	0.284822	
1000	0.316000	0.484311	1000	0.316000	0.316000	0.284863	
1000	0.276000	0.484311	1000	0.276000	0.276000	0.284851	
1000	0.260000	0.484311	1000	0.260000	0.260000	0.284819	
1000	0.288000	0.484311	1000	0.288000	0.288000	0.284823	
1000	0.264000	0.484311	1000	0.264000	0.264000	0.284795	
1000	0.304000	0.484311	1000	0.304000	0.304000	0.284821	
1000	0.277000	0.484311	1000	0.277000	0.277000	0.284810	
1000	0.265000	0.484311	1000	0.265000	0.265000	0.284785	
1000	0.286000	0.484311	1000	0.286000	0.286000	0.284786	
1000	0.305000	0.484311	1000	0.305000	0.305000	0.284812	
1000	0.292000	0.484311	1000	0.292000	0.292000	0.284822	
1000	0.295000	0.484311	1000	0.295000	0.295000	0.284835	
1000	0.266000	0.484311	1000	0.266000	0.266000	0.284811	
1000	0.315000	0.484311	1000	0.315000	0.315000	0.284850	
1000	0.244000	0.484311	1000	0.244000	0.244000	0.284797	
1000	0.287000	0.484311	1000	0.287000	0.287000	0.284800	
1000	0.310000	0.484311	1000	0.310000	0.310000	0.284832	
1000	0.235000	0.484311	1000	0.235000	0.235000	0.284768	
1000	0.241000	0.484311	1000	0.241000	0.241000	0.284712	
1000	0.270000	0.484311	1000	0.270000	0.270000	0.284693	
1000	0.284000	0.484311	1000	0.284000	0.284000	0.284692	
1000	0.300000	0.484311	1000	0.300000	0.300000	0.284712	
1000	0.307000	0.484311	1000	0.307000	0.307000	0.284740	
1000	0.269000	0.484311	1000	0.269000	0.269000	0.284720	
1000	0.320000	0.484311	1000	0.320000	0.320000	0.284765	
1000	0.293000	0.484311	1000	0.293000	0.293000	0.284775	
1000	0.300000	0.484311	1000	0.300000	0.300000	0.284795	
1000	0.304000	0.484311	1000	0.304000	0.304000	0.284819	
1000	0.291000	0.484311	1000	0.291000	0.291000	0.284827	
1000	0.323000	0.484311	1000	0.323000	0.323000	0.284875	
1000	0.285000	0.484311	1000	0.285000	0.285000	0.284876	
1000	0.284000	0.484311	1000	0.284000	0.284000	0.284874	
1000	0.276000	0.484311	1000	0.276000	0.276000	0.284863	
1000	0.287000	0.484311	1000	0.287000	0.287000	0.284866	
1000	0.283000	0.484311	1000	0.283000	0.283000	0.284864	
1000	0.299000	0.484311	1000	0.299000	0.299000	0.284881	
1000	0.289000	0.484311	1000	0.289000	0.289000	0.284887	
1000	0.322000	0.484311	1000	0.322000	0.322000	0.284933	
1000	0.307000	0.484311	1000	0.307000	0.307000	0.284961	
1000	0.272000	0.484311	1000	0.272000	0.272000	0.284945	
1000	0.325000	0.484311	1000	0.325000	0.325000	0.284995	
1000	0.301000	0.484311	1000	0.301000	0.301000	0.285015	
1000	0.290000	0.484311	1000	0.290000	0.290000	0.285021	
1000	0.291000	0.484311	1000	0.291000	0.291000	0.285028	
1000	0.271000	0.484311	1000	0.271000	0.271000	0.285011	
1000	0.308000	0.484311	1000	0.308000	0.308000	0.285039	
1000	0.272000	0.484311	1000	0.272000	0.272000	0.285023	
1000	0.327000	0.484311	1000	0.327000	0.327000	0.285075	
1000	0.298000	0.484311	1000	0.298000	0.298000	0.285091	
1000	0.292000	0.484311	1000	0.292000	0.292000	0.285100	
1000	0.301000	0.484311	1000	0.301000	0.301000	0.285119	
1000	0.302000	0.484311	1000	0.302000	0.302000	0.285140	
1000	0.317000	0.484311	1000	0.317000	0.317000	0.285179	
1000	0.304000	0.484311	1000	0.304000	0.304000	0.285203	
1000	0.311000	0.484311	1000	0.311000	0.311000	0.285234	
1000	0.293000	0.484311	1000	0.293000	0.293000	0.285244	
1000	0.294000	0.484311	1000	0.294000	0.294000	0.285255	
1000	0.288000	0.484311	1000	0.288000	0.288000	0.285258	
1000	0.303000	0.484311	1000	0.303000	0.303000	0.285280	
1000	0.319000	0.484311	1000	0.319000	0.319000	0.285321	
1000	0.285000	0.484311	1000	0.285000	0.285000	0.285320	
1000	0.315000	0.484311	1000	0.315000	0.315000	0.285357	
1000	0.338000	0.484311	1000	0.338000	0.338000	0.285421	
1000	0.276000	0.484311	1000	0.276000	0.276000	0.285409	
1000	0.274000	0.484311	1000	0.274000	0.274000	0.285395	
1000	0.314000	0.484311	1000	0.314000	0.314000	0.285430	
1000	0.308000	0.484311	1000	0.308000	0.308000	0.285457	
1000	0.291000	0.484311	1000	0.291000	0.291000	0.285464	
1000	0.284000	0.484311	1000	0.284000	0.284000	0.285462	
1000	0.241000	0.484311	1000	0.241000	0.241000	0.285409	
1000	0.297000	0.484311	1000	0.297000	0.297000	0.285423	
1000	0.267000	0.484311	1000	0.267000	0.267000	0.285400	
1000	0.299000	0.484311	1000	0.299000	0.299000	0.285417	
1000	0.283000	0.484311	1000	0.283000	0.283000	0.285414	
1000	0.304000	0.484311	1000	0.304000	0.304000	0.285436	
1000	0.295000	0.484311	1000	0.295000	0.295000	0.285448	
1000	0.290000	0.484311	1000	0.290000	0.290000	0.285453	
1000	0.293000	0.484311	1000	0.293000	0.293000	0.285462	
1000	0.287000	0.484311	1000	0.287000	0.287000	0.285464	
1000	0.276000	0.484311	1000	0.276000	0.276000	0.285453	
1000	0.294000	0.484311	1000	0.294000	0.294000	0.285463	
1000	0.310000	0.484311	1000	0.310000	0.310000	0.285492	
1000	0.259000	0.484311	1000	0.259000	0.259000	0.285460	
1000	0.285000	0.484311	1000	0.285000	0.285000	0.285460	
1000	0.306000	0.484311	1000	0.306000	0.306000	0.285484	
1000	0.297000	0.484311	1000	0.297000	0.297000	0.285498	
1000	0.307000	0.484311	1000	0.307000	0.307000	0.285523	
1000	0.297000	0.484311	1000	0.297000	0.297000	0.285537	
1000	0.317000	0.484311	1000	0.317000	0.317000	0.285574	
1000	0.301000	0.484311	1000	0.301000	0.301000	0.285592	
1000	0.278000	0.484311	1000	0.278000	0.278000	0.285583	
1000	0.304000	0.484311	1000	0.304000	0.304000	0.285605	
1000	0.289000	0.484311	1000	0.289000	0.289000	0.285609	
1000	0.332000	0.484311	1000	0.332000	0.332000	0.285663	
1000	0.295000	0.484311	1000	0.295000	0.295000	0.285674	
1000	0.275000	0.484311	1000	0.275000	0.275000	0.285662	
1000	0.283000	0.484311	1000	0.283000	0.283000	0.285659	
1000	0.306000	0.484311	1000	0.306000	0.306000	0.285682	
1000	0.304000	0.484311	1000	0.304000	0.304000	0.285704	
1000	0.311000	0.484311	1000	0.311000	0.311000	0.285733	
1000	0.283000	0.484311	1000	0.283000	0.283000	0.285730	
1000	0.268000	0.484311	1000	0.268000	0.268000	0.285709	
1000	0.290000	0.484311	1000	0.290000	0.290000	0.285714	
1000	0.293000	0.484311	1000	0.293000	0.293000	0.285723	
1000	0.326000	0.484311	1000	0.326000	0.326000	0.285769	
1000	0.279000	0.484311	1000	0.279000	0.279000	0.285762	
1000	0.304000	0.484311	1000	0.304000	0.304000	0.285783	
1000	0.322000	0.484311	1000	0.322000	0.322000	0.285824	
1000	0.313000	0.484311	1000	0.313000	0.313000	0.285856	
1000	0.281000	0.484311	1000	0.281000	0.281000	0.285850	
1000	0.274000	0.484311	1000	0.274000	0.274000	0.285836	
1000	0.302000	0.484311	1000	0.302000	0.302000	0.285855	
1000	0.314000	0.484311	1000	0.314000	0.314000	0.285887	
1000	0.293000	0.484311	1000	0.293000	0.293000	0.285895	
1000	0.292000	0.484311	1000	0.292000	0.292000	0.285902	
1000	0.285000	0.484311	1000	0.285000	0.285000	0.285901	
1000	0.275000	0.484311	1000	0.275000	0.275000	0.285889	
1000	0.287000	0.484311	1000	0.287000	0.287000	0.285890	
1000	0.324000	0.484311	1000	0.324000	0.324000	0.285934	
1000	0.316000	0.484311	1000	0.316000	0.316000	0.285968	
1000	0.276000	0.484311	1000	0.276000	0.276000	0.285956	
1000	0.296000	0.484311	1000	0.296000	0.296000	0.285968	
1000	0.275000	0.484311	1000	0.275000	0.275000	0.285955	
1000	0.285000	0.484311	1000	0.285000	0.285000	0.285954	
1000	0.300000	0.484311	1000	0.300000	0.300000	0.285970	
1000	0.279000	0.484311	1000	0.279000	0.279000	0.285962	
1000	0.286000	0.484311	1000	0.286000	0.286000	0.285962	
1000	0.291000	0.484311	1000	0.291000	0.291000	0.285968	
1000	0.273000	0.484311	1000	0.273000	0.273000	0.285954	
1000	0.290000	0.484311	1000	0.290000	0.290000	0.285958	
1000	0.326000	0.484311	1000	0.326000	0.326000	0.286003	
1000	0.281000	0.484311	1000	0.281000	0.281000	0.285997	
1000	0.285000	0.484311	1000	0.285000	0.285000	0.285996	
1000	0.269000	0.484311	1000	0.269000	0.269000	0.285977	
1000	0.285000	0.484311	1000	0.285000	0.285000	0.285976	
1000	0.272000	0.484311	1000	0.272000	0.272000	0.285961	
1000	0.332000	0.484311	1000	0.332000	0.332000	0.286012	
1000	0.277000	0.484311	1000	0.277000	0.277000	0.286002	
1000	0.285000	0.484311	1000	0.285000	0.285000	0.286001	
1000	0.334000	0.484311	1000	0.334000	0.334000	0.286054	
1000	0.305000	0.484311	1000	0.305000	0.305000	0.286075	
1000	0.272000	0.484311	1000	0.272000	0.272000	0.286060	
1000	0.335000	0.484311	1000	0.335000	0.335000	0.286114	
1000	0.293000	0.484311	1000	0.293000	0.293000	0.286121	
1000	0.293000	0.484311	1000	0.293000	0.293000	0.286129	
1000	0.302000	0.484311	1000	0.302000	0.302000	0.286147	
1000	0.258000	0.484311	1000	0.258000	0.258000	0.286116	
1000	0.286000	0.484311	1000	0.286000	0.286000	0.286115	
1000	0.276000	0.484311	1000	0.276000	0.276000	0.286104	
1000	0.307000	0.484311	1000	0.307000	0.307000	0.286127	
1000	0.318000	0.484311	1000	0.318000	0.318000	0.286162	
1000	0.341000	0.484311	1000	0.341000	0.341000	0.286223	
1000	0.327000	0.484311	1000	0.327000	0.327000	0.286267	
1000	0.324000	0.484311	1000	0.324000	0.324000	0.286309	
1000	0.292000	0.484311	1000	0.292000	0.292000	0.286315	
1000	0.292000	0.484311	1000	0.292000	0.292000	0.286321	
1000	0.292000	0.484311	1000	0.292000	0.292000	0.286327	
1000	0.304000	0.484311	1000	0.304000	0.304000	0.286346	
1000	0.284000	0.484311	1000	0.284000	0.284000	0.286344	
1000	0.262000	0.484311	1000	0.262000	0.262000	0.286317	
1000	0.270000	0.484311	1000	0.270000	0.270000	0.286300	
1000	0.275000	0.484311	1000	0.275000	0.275000	0.286287	
1000	0.295000	0.484311	1000	0.295000	0.295000	0.286297	
1000	0.298000	0.484311	1000	0.298000	0.298000	0.286310	
1000	0.312000	0.484311	1000	0.312000	0.312000	0.286337	
1000	0.317000	0.484311	1000	0.317000	0.317000	0.286371	
1000	0.316000	0.484311	1000	0.316000	0.316000	0.286402	
1000	0.293000	0.484311	1000	0.293000	0.293000	0.286410	
1000	0.312000	0.484311	1000	0.312000	0.312000	0.286437	
1000	0.314000	0.484311	1000	0.314000	0.314000	0.286467	
1000	0.335000	0.484311	1000	0.335000	0.335000	0.286519	
1000	0.281000	0.484311	1000	0.281000	0.281000	0.286513	
1000	0.298000	0.484311	1000	0.298000	0.298000	0.286525	
1000	0.292000	0.484311	1000	0.292000	0.292000	0.286531	
1000	0.275000	0.484311	1000	0.275000	0.275000	0.286519	
1000	0.294000	0.484311	1000	0.294000	0.294000	0.286527	
1000	0.308000	0.484311	1000	0.308000	0.308000	0.286550	
1000	0.312000	0.484311	1000	0.312000	0.312000	0.286577	
1000	0.276000	0.484311	1000	0.276000	0.276000	0.286566	
1000	0.308000	0.484311	1000	0.308000	0.308000	0.286589	
1000	0.281000	0.484311	1000	0.281000	0.281000	0.286583	
1000	0.294000	0.484311	1000	0.294000	0.294000	0.286591	
1000	0.328000	0.484311	1000	0.328000	0.328000	0.286635	
1000	0.293000	0.484311	1000	0.293000	0.293000	0.286641	
1000	0.271000	0.484311	1000	0.271000	0.271000	0.286625	
1000	0.320000	0.484311	1000	0.320000	0.320000	0.286660	
1000	0.302000	0.484311	1000	0.302000	0.302000	0.286676	
1000	0.276000	0.484311	1000	0.276000	0.276000	0.286665	
1000	0.303000	0.484311	1000	0.303000	0.303000	0.286682	
1000	0.294000	0.484311	1000	0.294000	0.294000	0.286690	
1000	0.285000	0.484311	1000	0.285000	0.285000	0.286688	
1000	0.312000	0.484311	1000	0.312000	0.312000	0.286715	
1000	0.303000	0.484311	1000	0.303000	0.303000	0.286732	
1000	0.270000	0.484311	1000	0.270000	0.270000	0.286714	
1000	0.293000	0.484311	1000	0.293000	0.293000	0.286721	
1000	0.317000	0.484311	1000	0.317000	0.317000	0.286753	
1000	0.297000	0.484311	1000	0.297000	0.297000	0.286763	
1000	0.310000	0.484311	1000	0.310000	0.310000	0.286788	
1000	0.290000	0.484311	1000	0.290000	0.290000	0.286791	
1000	0.296000	0.484311	1000	0.296000	0.296000	0.286801	
1000	0.296000	0.484311	1000	0.296000	0.296000	0.286810	
1000	0.306000	0.484311	1000	0.306000	0.306000	0.286830	
1000	0.295000	0.484311	1000	0.295000	0.295000	0.286839	
1000	0.261000	0.484311	1000	0.261000	0.261000	0.286812	
1000	0.308000	0.484311	1000	0.308000	0.308000	0.286834	
1000	0.341000	0.484311	1000	0.341000	0.341000	0.286890	
1000	0.298000	0.484311	1000	0.298000	0.298000	0.286901	
1000	0.274000	0.484311	1000	0.274000	0.274000	0.286888	
1000	0.286000	0.484311	1000	0.286000	0.286000	0.286887	
1000	0.317000	0.484311	1000	0.317000	0.317000	0.286918	
1000	0.317000	0.484311	1000	0.317000	0.317000	0.286949	
1000	0.236000	0.484311	1000	0.236000	0.236000	0.286897	
1000	0.316000	0.484311	1000	0.316000	0.316000	0.286927	
1000	0.291000	0.484311	1000	0.291000	0.291000	0.286931	
1000	0.297000	0.484311	1000	0.297000	0.297000	0.286941	
1000	0.303000	0.484311	1000	0.303000	0.303000	0.286958	
1000	0.323000	0.484311	1000	0.323000	0.323000	0.286995	
1000	0.296000	0.484311	1000	0.296000	0.296000	0.287004	
1000	0.303000	0.484311	1000	0.303000	0.303000	0.287020	
1000	0.295000	0.484311	1000	0.295000	0.295000	0.287028	
1000	0.249000	0.484311	1000	0.249000	0.249000	0.286990	
1000	0.311000	0.484311	1000	0.311000	0.311000	0.287014	
1000	0.258000	0.484311	1000	0.258000	0.258000	0.286984	
1000	0.303000	0.484311	1000	0.303000	0.303000	0.287001	
1000	0.272000	0.484311	1000	0.272000	0.272000	0.286985	
1000	0.284000	0.484311	1000	0.284000	0.284000	0.286982	
1000	0.265000	0.484311	1000	0.265000	0.265000	0.286960	
1000	0.299000	0.484311	1000	0.299000	0.299000	0.286972	
1000	0.282000	0.484311	1000	0.282000	0.282000	0.286967	
1000	0.294000	0.484311	1000	0.294000	0.294000	0.286974	
1000	0.314000	0.484311	1000	0.314000	0.314000	0.287002	
1000	0.291000	0.484311	1000	0.291000	0.291000	0.287006	
1000	0.283000	0.484311	1000	0.283000	0.283000	0.287002	
1000	0.277000	0.484311	1000	0.277000	0.277000	0.286992	
1000	0.305000	0.484311	1000	0.305000	0.305000	0.287010	
1000	0.300000	0.484311	1000	0.300000	0.300000	0.287023	
1000	0.290000	0.484311	1000	0.290000	0.290000	0.287026	
1000	0.301000	0.484311	1000	0.301000	0.301000	0.287040	
1000	0.291000	0.484311	1000	0.291000	0.291000	0.287044	
1000	0.289000	0.484311	1000	0.289000	0.289000	0.287046	
1000	0.301000	0.484311	1000	0.301000	0.301000	0.287060	
1000	0.285000	0.484311	1000	0.285000	0.285000	0.287058	
1000	0.301000	0.484311	1000	0.301000	0.301000	0.287072	
1000	0.277000	0.484311	1000	0.277000	0.277000	0.287062	
1000	0.264000	0.484311	1000	0.264000	0.264000	0.287039	
1000	0.286000	0.484311	1000	0.286000	0.286000	0.287038	
1000	0.297000	0.484311	1000	0.297000	0.297000	0.287047	
1000	0.283000	0.484311	1000	0.283000	0.283000	0.287043	
1000	0.305000	0.484311	1000	0.305000	0.305000	0.287061	
1000	0.279000	0.484311	1000	0.279000	0.279000	0.287053	
1000	0.262000	0.484311	1000	0.262000	0.262000	0.287028	
1000	0.302000	0.484311	1000	0.302000	0.302000	0.287043	
1000	0.244000	0.484311	1000	0.244000	0.244000	0.287001	
1000	0.317000	0.484311	1000	0.317000	0.317000	0.287030	
1000	0.308000	0.484311	1000	0.308000	0.308000	0.287051	
1000	0.306000	0.484311	1000	0.306000	0.306000	0.287070	
1000	0.305000	0.484311	1000	0.305000	0.305000	0.287087	
1000	0.310000	0.484311	1000	0.310000	0.310000	0.287110	
1000	0.292000	0.484311	1000	0.292000	0.292000	0.287115	
1000	0.282000	0.484311	1000	0.282000	0.282000	0.287110	
1000	0.295000	0.484311	1000	0.295000	0.295000	0.287117	
1000	0.257000	0.484311	1000	0.257000	0.257000	0.287088	
1000	0.316000	0.484311	1000	0.316000	0.316000	0.287116	
1000	0.295000	0.484311	1000	0.295000	0.295000	0.287124	
1000	0.282000	0.484311	1000	0.282000	0.282000	0.287119	
1000	0.305000	0.484311	1000	0.305000	0.305000	0.287136	
1000	0.289000	0.484311	1000	0.289000	0.289000	0.287138	
1000	0.309000	0.484311	1000	0.309000	0.309000	0.287159	
1000	0.275000	0.484311	1000	0.275000	0.275000	0.287148	
1000	0.289000	0.484311	1000	0.289000	0.289000	0.287149	
1000	0.319000	0.484311	1000	0.319000	0.319000	0.287180	
1000	0.317000	0.484311	1000	0.317000	0.317000	0.287209	
1000	0.328000	0.484311	1000	0.328000	0.328000	0.287249	
1000	0.288000	0.484311	1000	0.288000	0.288000	0.287249	
1000	0.309000	0.484311	1000	0.309000	0.309000	0.287271	
1000	0.243000	0.484311	1000	0.243000	0.243000	0.287228	
1000	0.291000	0.484311	1000	0.291000	0.291000	0.287231	
1000	0.270000	0.484311	1000	0.270000	0.270000	0.287215	
1000	0.299000	0.484311	1000	0.299000	0.299000	0.287226	
1000	0.335000	0.484311	1000	0.335000	0.335000	0.287272	
1000	0.271000	0.484311	1000	0.271000	0.271000	0.287256	
1000	0.294000	0.484311	1000	0.294000	0.294000	0.287263	
1000	0.262000	0.484311	1000	0.262000	0.262000	0.287239	
1000	0.277000	0.484311	1000	0.277000	0.277000	0.287229	
1000	0.290000	0.484311	1000	0.290000	0.290000	0.287232	
1000	0.309000	0.484311	1000	0.309000	0.309000	0.287252	
1000	0.298000	0.484311	1000	0.298000	0.298000	0.287263	
1000	0.303000	0.484311	1000	0.303000	0.303000	0.287278	
1000	0.274000	0.484311	1000	0.274000	0.274000	0.287265	
1000	0.308000	0.484311	1000	0.308000	0.308000	0.287285	
1000	0.268000	0.484311	1000	0.268000	0.268000	0.287266	
1000	0.266000	0.484311	1000	0.266000	0.266000	0.287246	
1000	0.275000	0.484311	1000	0.275000	0.275000	0.287235	
1000	0.254000	0.484311	1000	0.254000	0.254000	0.287203	
1000	0.273000	0.484311	1000	0.273000	0.273000	0.287189	
1000	0.302000	0.484311	1000	0.302000	0.302000	0.287204	
1000	0.303000	0.484311	1000	0.303000	0.303000	0.287218	
1000	0.280000	0.484311	1000	0.280000	0.280000	0.287212	
1000	0.275000	0.484311	1000	0.275000	0.275000	0.287200	
1000	0.256000	0.484311	1000	0.256000	0.256000	0.287171	
1000	0.252000	0.484311	1000	0.252000	0.252000	0.287137	
1000	0.285000	0.484311	1000	0.285000	0.285000	0.287135	
1000	0.319000	0.484311	1000	0.319000	0.319000	0.287165	
1000	0.292000	0.484311	1000	0.292000	0.292000	0.287170	
1000	0.306000	0.484311	1000	0.306000	0.306000	0.287188	
1000	0.279000	0.484311	1000	0.279000	0.279000	0.287180	
1000	0.291000	0.484311	1000	0.291000	0.291000	0.287184	
1000	0.294000	0.484311	1000	0.294000	0.294000	0.287190	
1000	0.299000	0.484311	1000	0.299000	0.299000	0.287201	
1000	0.295000	0.484311	1000	0.295000	0.295000	0.287208	
1000	0.294000	0.484311	1000	0.294000	0.294000	0.287215	
1000	0.306000	0.484311	1000	0.306000	0.306000	0.287232	
1000	0.287000	0.484311	1000	0.287000	0.287000	0.287232	
1000	0.295000	0.484311	1000	0.295000	0.295000	0.287239	
1000	0.255000	0.484311	1000	0.255000	0.255000	0.287209	
1000	0.281000	0.484311	1000	0.281000	0.281000	0.287203	
1000	0.278000	0.484311	1000	0.278000	0.278000	0.287195	
1000	0.301000	0.484311	1000	0.301000	0.301000	0.287208	
1000	0.313000	0.484311	1000	0.313000	0.313000	0.287232	
1000	0.307000	0.484311	1000	0.307000	0.307000	0.287250	
1000	0.255000	0.484311	1000	0.255000	0.255000	0.287220	
1000	0.311000	0.484311	1000	0.311000	0.311000	0.287242	
1000	0.299000	0.484311	1000	0.299000	0.299000	0.287253	
1000	0.294000	0.484311	1000	0.294000	0.294000	0.287259	
1000	0.285000	0.484311	1000	0.285000	0.285000	0.287257	
1000	0.265000	0.484311	1000	0.265000	0.265000	0.287237	
1000	0.290000	0.484311	1000	0.290000	0.290000	0.287239	
1000	0.302000	0.484311	1000	0.302000	0.302000	0.287253	
1000	0.274000	0.484311	1000	0.274000	0.274000	0.287241	
1000	0.337000	0.484311	1000	0.337000	0.337000	0.287286	
1000	0.332000	0.484311	1000	0.332000	0.332000	0.287327	
1000	0.261000	0.484311	1000	0.261000	0.261000	0.287303	
1000	0.271000	0.484311	1000	0.271000	0.271000	0.287288	
1000	0.291000	0.484311	1000	0.291000	0.291000	0.287292	
1000	0.303000	0.484311	1000	0.303000	0.303000	0.287306	
1000	0.294000	0.484311	1000	0.294000	0.294000	0.287312	
1000	0.336000	0.484311	1000	0.336000	0.336000	0.287356	
1000	0.271000	0.484311	1000	0.271000	0.271000	0.287342	
1000	0.286000	0.484311	1000	0.286000	0.286000	0.287340	
1000	0.283000	0.484311	1000	0.283000	0.283000	0.287336	
1000	0.267000	0.484311	1000	0.267000	0.267000	0.287318	
