Default schedule
Rate	100.00
Rate Tried	% Accepted	Rates - Dev	Rates - Tried	Rates - Accepted	Sample Ave Acceptance	Total Ave Acceptance	
1	1.000000	8.399389	1	1.000000	1.000000	1.000000	
1000	0.006000	8.399389	1001	0.006993	0.006000	0.006993	
1000	0.005000	5.000000	1000	0.005000	0.005000	0.005997	
1000	0.001000	4.802771	1000	0.001000	0.001000	0.004332	
1000	0.002000	3.921865	1000	0.002000	0.002000	0.003749	
1000	0.006000	3.824171	1000	0.006000	0.006000	0.004199	
1000	0.008000	3.099353	1000	0.008000	0.008000	0.004833	
1000	0.028000	2.146055	1000	0.028000	0.028000	0.008142	
1000	0.006000	2.130131	1000	0.006000	0.006000	0.007874	
1000	0.038000	1.524671	1000	0.038000	0.038000	0.011221	
1000	0.080000	0.863307	1000	0.080000	0.080000	0.018098	
1000	0.122000	0.757137	1000	0.122000	0.122000	0.027543	
1000	0.173000	0.669982	1000	0.173000	0.173000	0.039663	
1000	0.223000	0.654209	1000	0.223000	0.223000	0.053765	
1000	0.172000	0.654209	1000	0.172000	0.172000	0.062210	
1000	0.313000	0.439977	1000	0.313000	0.313000	0.078928	
1000	0.351000	0.439977	1000	0.351000	0.351000	0.095932	
1000	0.339000	0.439977	1000	0.339000	0.339000	0.110229	
1000	0.364000	0.439977	1000	0.364000	0.364000	0.124326	
1000	0.363000	0.439977	1000	0.363000	0.363000	0.136888	
1000	0.343000	0.439977	1000	0.343000	0.343000	0.147193	
1000	0.344000	0.439977	1000	0.344000	0.344000	0.156564	
1000	0.351000	0.439977	1000	0.351000	0.351000	0.165402	
1000	0.353000	0.439977	1000	0.353000	0.353000	0.173558	
1000	0.328000	0.439977	1000	0.328000	0.328000	0.179993	
1000	0.342000	0.439977	1000	0.342000	0.342000	0.186473	
1000	0.307000	0.439977	1000	0.307000	0.307000	0.191108	
1000	0.320000	0.439977	1000	0.320000	0.320000	0.195882	
1000	0.356000	0.439977	1000	0.356000	0.356000	0.201600	
1000	0.346000	0.439977	1000	0.346000	0.346000	0.206579	
1000	0.336000	0.439977	1000	0.336000	0.336000	0.210893	
1000	0.337000	0.439977	1000	0.337000	0.337000	0.214961	
1000	0.334000	0.439977	1000	0.334000	0.334000	0.218681	
1000	0.367000	0.439977	1000	0.367000	0.367000	0.223175	
1000	0.361000	0.439977	1000	0.361000	0.361000	0.227229	
1000	0.372000	0.439977	1000	0.372000	0.372000	0.231365	
1000	0.324000	0.439977	1000	0.324000	0.324000	0.233938	
1000	0.338000	0.439977	1000	0.338000	0.338000	0.236750	
1000	0.333000	0.439977	1000	0.333000	0.333000	0.239283	
1000	0.344000	0.439977	1000	0.344000	0.344000	0.241968	
1000	0.367000	0.439977	1000	0.367000	0.367000	0.245094	
1000	0.353000	0.439977	1000	0.353000	0.353000	0.247726	
1000	0.318000	0.439977	1000	0.318000	0.318000	0.249399	
1000	0.366000	0.439977	1000	0.366000	0.366000	0.252110	
1000	0.338000	0.439977	1000	0.338000	0.338000	0.254062	
1000	0.364000	0.439977	1000	0.364000	0.364000	0.256505	
1000	0.363000	0.439977	1000	0.363000	0.363000	0.258820	
1000	0.322000	0.439977	1000	0.322000	0.322000	0.260165	
1000	0.373000	0.439977	1000	0.373000	0.373000	0.262515	
1000	0.318000	0.439977	1000	0.318000	0.318000	0.263648	
1000	0.348000	0.439977	1000	0.348000	0.348000	0.265335	
1000	0.335000	0.439977	1000	0.335000	0.335000	0.266701	
1000	0.334000	0.439977	1000	0.334000	0.334000	0.267995	
1000	0.350000	0.439977	1000	0.350000	0.350000	0.269542	
1000	0.363000	0.439977	1000	0.363000	0.363000	0.271273	
1000	0.350000	0.439977	1000	0.350000	0.350000	0.272704	
1000	0.393000	0.439977	1000	0.393000	0.393000	0.274852	
1000	0.361000	0.439977	1000	0.361000	0.361000	0.276364	
1000	0.371000	0.439977	1000	0.371000	0.371000	0.277995	
1000	0.339000	0.439977	1000	0.339000	0.339000	0.279029	
1000	0.380000	0.439977	1000	0.380000	0.380000	0.280712	
1000	0.347000	0.439977	1000	0.347000	0.347000	0.281799	
1000	0.362000	0.439977	1000	0.362000	0.362000	0.283092	
1000	0.325000	0.439977	1000	0.325000	0.325000	0.283757	
1000	0.317000	0.439977	1000	0.317000	0.317000	0.284277	
1000	0.303000	0.439977	1000	0.303000	0.303000	0.284565	
1000	0.320000	0.439977	1000	0.320000	0.320000	0.285102	
1000	0.315000	0.439977	1000	0.315000	0.315000	0.285548	
1000	0.361000	0.439977	1000	0.361000	0.361000	0.286658	
1000	0.367000	0.439977	1000	0.367000	0.367000	0.287822	
1000	0.351000	0.439977	1000	0.351000	0.351000	0.288724	
1000	0.363000	0.439977	1000	0.363000	0.363000	0.289771	
1000	0.351000	0.439977	1000	0.351000	0.351000	0.290621	
1000	0.374000	0.439977	1000	0.374000	0.374000	0.291763	
1000	0.373000	0.439977	1000	0.373000	0.373000	0.292861	
1000	0.364000	0.439977	1000	0.364000	0.364000	0.293809	
1000	0.337000	0.439977	1000	0.337000	0.337000	0.294378	
1000	0.366000	0.439977	1000	0.366000	0.366000	0.295308	
1000	0.354000	0.439977	1000	0.354000	0.354000	0.296060	
1000	0.371000	0.439977	1000	0.371000	0.371000	0.297009	
1000	0.385000	0.439977	1000	0.385000	0.385000	0.298109	
1000	0.401000	0.439977	1000	0.401000	0.401000	0.299379	
1000	0.327000	0.453766	1000	0.327000	0.327000	0.299716	
1000	0.320000	0.453766	1000	0.320000	0.320000	0.299960	
1000	0.350000	0.453766	1000	0.350000	0.350000	0.300556	
1000	0.337000	0.453766	1000	0.337000	0.337000	0.300985	
1000	0.339000	0.453766	1000	0.339000	0.339000	0.301427	
1000	0.341000	0.453766	1000	0.341000	0.341000	0.301882	
1000	0.357000	0.453766	1000	0.357000	0.357000	0.302508	
1000	0.331000	0.453766	1000	0.331000	0.331000	0.302828	
1000	0.349000	0.453766	1000	0.349000	0.349000	0.303341	
1000	0.380000	0.453766	1000	0.380000	0.380000	0.304183	
1000	0.331000	0.453766	1000	0.331000	0.331000	0.304475	
1000	0.344000	0.453766	1000	0.344000	0.344000	0.304900	
1000	0.347000	0.453766	1000	0.347000	0.347000	0.305348	
1000	0.357000	0.453766	1000	0.357000	0.357000	0.305892	
1000	0.311000	0.453766	1000	0.311000	0.311000	0.305945	
1000	0.338000	0.453766	1000	0.338000	0.338000	0.306275	
1000	0.347000	0.453766	1000	0.347000	0.347000	0.306691	
1000	0.337000	0.453766	1000	0.337000	0.337000	0.306997	
1000	0.338000	0.453766	1000	0.338000	0.338000	0.307307	
1000	0.334000	0.453766	1000	0.334000	0.334000	0.307571	
1000	0.331000	0.453766	1000	0.331000	0.331000	0.307801	
1000	0.342000	0.453766	1000	0.342000	0.342000	0.308133	
1000	0.324000	0.453766	1000	0.324000	0.324000	0.308285	
1000	0.330000	0.453766	1000	0.330000	0.330000	0.308492	
1000	0.346000	0.453766	1000	0.346000	0.346000	0.308846	
1000	0.330000	0.453766	1000	0.330000	0.330000	0.309044	
1000	0.348000	0.453766	1000	0.348000	0.348000	0.309405	
1000	0.341000	0.453766	1000	0.341000	0.341000	0.309694	
1000	0.320000	0.453766	1000	0.320000	0.320000	0.309788	
1000	0.337000	0.453766	1000	0.337000	0.337000	0.310033	
1000	0.348000	0.453766	1000	0.348000	0.348000	0.310372	
1000	0.318000	0.453766	1000	0.318000	0.318000	0.310440	
1000	0.323000	0.453766	1000	0.323000	0.323000	0.310550	
1000	0.354000	0.453766	1000	0.354000	0.354000	0.310928	
1000	0.346000	0.453766	1000	0.346000	0.346000	0.311230	
1000	0.362000	0.453766	1000	0.362000	0.362000	0.311664	
1000	0.312000	0.453766	1000	0.312000	0.312000	0.311667	
1000	0.328000	0.453766	1000	0.328000	0.328000	0.311804	
1000	0.330000	0.453766	1000	0.330000	0.330000	0.311956	
1000	0.328000	0.453766	1000	0.328000	0.328000	0.312088	
1000	0.331000	0.453766	1000	0.331000	0.331000	0.312243	
1000	0.328000	0.453766	1000	0.328000	0.328000	0.312371	
1000	0.331000	0.453766	1000	0.331000	0.331000	0.312522	
1000	0.334000	0.453766	1000	0.334000	0.334000	0.312693	
1000	0.332000	0.453766	1000	0.332000	0.332000	0.312847	
1000	0.339000	0.453766	1000	0.339000	0.339000	0.313053	
1000	0.312000	0.453766	1000	0.312000	0.312000	0.313044	
1000	0.357000	0.453766	1000	0.357000	0.357000	0.313385	
1000	0.362000	0.453766	1000	0.362000	0.362000	0.313759	
1000	0.342000	0.453766	1000	0.342000	0.342000	0.313975	
1000	0.327000	0.453766	1000	0.327000	0.327000	0.314073	
1000	0.322000	0.453766	1000	0.322000	0.322000	0.314133	
1000	0.354000	0.453766	1000	0.354000	0.354000	0.314430	
1000	0.341000	0.453766	1000	0.341000	0.341000	0.314627	
1000	0.296000	0.453766	1000	0.296000	0.296000	0.314490	
1000	0.329000	0.453766	1000	0.329000	0.329000	0.314596	
1000	0.308000	0.453766	1000	0.308000	0.308000	0.314548	
1000	0.340000	0.453766	1000	0.340000	0.340000	0.314732	
1000	0.338000	0.453766	1000	0.338000	0.338000	0.314898	
1000	0.365000	0.453766	1000	0.365000	0.365000	0.315253	
1000	0.332000	0.453766	1000	0.332000	0.332000	0.315371	
1000	0.343000	0.453766	1000	0.343000	0.343000	0.315564	
1000	0.332000	0.453766	1000	0.332000	0.332000	0.315678	
1000	0.363000	0.453766	1000	0.363000	0.363000	0.316005	
1000	0.364000	0.453766	1000	0.364000	0.364000	0.316333	
1000	0.349000	0.453766	1000	0.349000	0.349000	0.316556	
1000	0.328000	0.453766	1000	0.328000	0.328000	0.316633	
1000	0.336000	0.453766	1000	0.336000	0.336000	0.316763	
1000	0.343000	0.453766	1000	0.343000	0.343000	0.316938	
1000	0.325000	0.453766	1000	0.325000	0.325000	0.316991	
1000	0.342000	0.453766	1000	0.342000	0.342000	0.317156	
1000	0.335000	0.453766	1000	0.335000	0.335000	0.317272	
1000	0.331000	0.453766	1000	0.331000	0.331000	0.317362	
1000	0.361000	0.453766	1000	0.361000	0.361000	0.317643	
1000	0.355000	0.453766	1000	0.355000	0.355000	0.317883	
1000	0.305000	0.453766	1000	0.305000	0.305000	0.317801	
1000	0.334000	0.453766	1000	0.334000	0.334000	0.317903	
1000	0.327000	0.453766	1000	0.327000	0.327000	0.317960	
1000	0.350000	0.453766	1000	0.350000	0.350000	0.318161	
1000	0.351000	0.453766	1000	0.351000	0.351000	0.318364	
1000	0.309000	0.453766	1000	0.309000	0.309000	0.318307	
1000	0.325000	0.453766	1000	0.325000	0.325000	0.318348	
1000	0.352000	0.453766	1000	0.352000	0.352000	0.318553	
1000	0.327000	0.453766	1000	0.327000	0.327000	0.318604	
1000	0.317000	0.453766	1000	0.317000	0.317000	0.318594	
1000	0.341000	0.453766	1000	0.341000	0.341000	0.318729	
1000	0.339000	0.453766	1000	0.339000	0.339000	0.318849	
1000	0.346000	0.453766	1000	0.346000	0.346000	0.319010	
1000	0.317000	0.453766	1000	0.317000	0.317000	0.318998	
1000	0.328000	0.453766	1000	0.328000	0.328000	0.319051	
1000	0.367000	0.453766	1000	0.367000	0.367000	0.319330	
1000	0.340000	0.453766	1000	0.340000	0.340000	0.319449	
1000	0.324000	0.453766	1000	0.324000	0.324000	0.319475	
1000	0.339000	0.453766	1000	0.339000	0.339000	0.319587	
1000	0.339000	0.453766	1000	0.339000	0.339000	0.319697	
1000	0.305000	0.453766	1000	0.305000	0.305000	0.319614	
1000	0.313000	0.453766	1000	0.313000	0.313000	0.319577	
1000	0.327000	0.453766	1000	0.327000	0.327000	0.319618	
1000	0.336000	0.453766	1000	0.336000	0.336000	0.319709	
1000	0.345000	0.453766	1000	0.345000	0.345000	0.319849	
1000	0.316000	0.453766	1000	0.316000	0.316000	0.319828	
1000	0.334000	0.453766	1000	0.334000	0.334000	0.319905	
1000	0.328000	0.453766	1000	0.328000	0.328000	0.319949	
1000	0.333000	0.453766	1000	0.333000	0.333000	0.320020	
1000	0.351000	0.453766	1000	0.351000	0.351000	0.320186	
1000	0.342000	0.453766	1000	0.342000	0.342000	0.320303	
1000	0.335000	0.453766	1000	0.335000	0.335000	0.320381	
1000	0.325000	0.453766	1000	0.325000	0.325000	0.320406	
1000	0.310000	0.453766	1000	0.310000	0.310000	0.320351	
1000	0.324000	0.453766	1000	0.324000	0.324000	0.320370	
1000	0.326000	0.453766	1000	0.326000	0.326000	0.320399	
1000	0.352000	0.453766	1000	0.352000	0.352000	0.320563	
1000	0.327000	0.453766	1000	0.327000	0.327000	0.320596	
1000	0.345000	0.453766	1000	0.345000	0.345000	0.320721	
1000	0.303000	0.453766	1000	0.303000	0.303000	0.320631	
1000	0.382000	0.453766	1000	0.382000	0.382000	0.320943	
1000	0.364000	0.453766	1000	0.364000	0.364000	0.321160	
1000	0.353000	0.453766	1000	0.353000	0.353000	0.321320	
1000	0.315000	0.453766	1000	0.315000	0.315000	0.321288	
1000	0.346000	0.453766	1000	0.346000	0.346000	0.321411	
1000	0.325000	0.453766	1000	0.325000	0.325000	0.321429	
1000	0.317000	0.453766	1000	0.317000	0.317000	0.321407	
1000	0.334000	0.453766	1000	0.334000	0.334000	0.321469	
1000	0.341000	0.453766	1000	0.341000	0.341000	0.321564	
1000	0.341000	0.453766	1000	0.341000	0.341000	0.321659	
1000	0.329000	0.453766	1000	0.329000	0.329000	0.321694	
1000	0.343000	0.453766	1000	0.343000	0.343000	0.321797	
1000	0.344000	0.453766	1000	0.344000	0.344000	0.321903	
1000	0.358000	0.453766	1000	0.358000	0.358000	0.322075	
1000	0.368000	0.453766	1000	0.368000	0.368000	0.322292	
1000	0.389000	0.453766	1000	0.389000	0.389000	0.322607	
1000	0.317000	0.453766	1000	0.317000	0.317000	0.322581	
1000	0.372000	0.453766	1000	0.372000	0.372000	0.322812	
1000	0.299000	0.453766	1000	0.299000	0.299000	0.322701	
1000	0.364000	0.453766	1000	0.364000	0.364000	0.322892	
1000	0.348000	0.453766	1000	0.348000	0.348000	0.323008	
1000	0.346000	0.453766	1000	0.346000	0.346000	0.323113	
1000	0.366000	0.453766	1000	0.366000	0.366000	0.323309	
1000	0.354000	0.453766	1000	0.354000	0.354000	0.323449	
1000	0.344000	0.453766	1000	0.344000	0.344000	0.323542	
1000	0.351000	0.453766	1000	0.351000	0.351000	0.323665	
1000	0.372000	0.453766	1000	0.372000	0.372000	0.323882	
1000	0.314000	0.453766	1000	0.314000	0.314000	0.323838	
1000	0.316000	0.453766	1000	0.316000	0.316000	0.323803	
1000	0.374000	0.453766	1000	0.374000	0.374000	0.324025	
1000	0.289000	0.453766	1000	0.289000	0.289000	0.323871	
1000	0.327000	0.453766	1000	0.327000	0.327000	0.323885	
1000	0.327000	0.453766	1000	0.327000	0.327000	0.323898	
1000	0.360000	0.453766	1000	0.360000	0.360000	0.324055	
1000	0.336000	0.453766	1000	0.336000	0.336000	0.324107	
1000	0.294000	0.453766	1000	0.294000	0.294000	0.323977	
1000	0.322000	0.453766	1000	0.322000	0.322000	0.323969	
1000	0.296000	0.453766	1000	0.296000	0.296000	0.323849	
1000	0.338000	0.453766	1000	0.338000	0.338000	0.323909	
1000	0.348000	0.453766	1000	0.348000	0.348000	0.324011	
1000	0.348000	0.453766	1000	0.348000	0.348000	0.324113	
1000	0.308000	0.453766	1000	0.308000	0.308000	0.324045	
1000	0.334000	0.453766	1000	0.334000	0.334000	0.324087	
1000	0.344000	0.453766	1000	0.344000	0.344000	0.324169	
1000	0.329000	0.453766	1000	0.329000	0.329000	0.324190	
1000	0.316000	0.453766	1000	0.316000	0.316000	0.324156	
1000	0.322000	0.453766	1000	0.322000	0.322000	0.324147	
1000	0.354000	0.453766	1000	0.354000	0.354000	0.324269	
1000	0.306000	0.453766	1000	0.306000	0.306000	0.324195	
1000	0.329000	0.453766	1000	0.329000	0.329000	0.324214	
1000	0.394000	0.453766	1000	0.394000	0.394000	0.324497	
1000	0.341000	0.453766	1000	0.341000	0.341000	0.324563	
1000	0.336000	0.453766	1000	0.336000	0.336000	0.324609	
1000	0.316000	0.453766	1000	0.316000	0.316000	0.324575	
1000	0.337000	0.453766	1000	0.337000	0.337000	0.324624	
1000	0.350000	0.453766	1000	0.350000	0.350000	0.324725	
1000	0.338000	0.453766	1000	0.338000	0.338000	0.324777	
1000	0.337000	0.453766	1000	0.337000	0.337000	0.324825	
1000	0.325000	0.453766	1000	0.325000	0.325000	0.324826	
1000	0.306000	0.453766	1000	0.306000	0.306000	0.324753	
1000	0.338000	0.453766	1000	0.338000	0.338000	0.324804	
1000	0.353000	0.453766	1000	0.353000	0.353000	0.324913	
1000	0.344000	0.453766	1000	0.344000	0.344000	0.324987	
1000	0.318000	0.453766	1000	0.318000	0.318000	0.324960	
1000	0.350000	0.453766	1000	0.350000	0.350000	0.325056	
1000	0.339000	0.453766	1000	0.339000	0.339000	0.325109	
1000	0.368000	0.453766	1000	0.368000	0.368000	0.325273	
1000	0.376000	0.453766	1000	0.376000	0.376000	0.325465	
1000	0.340000	0.453766	1000	0.340000	0.340000	0.325520	
1000	0.341000	0.453766	1000	0.341000	0.341000	0.325578	
1000	0.317000	0.453766	1000	0.317000	0.317000	0.325546	
1000	0.292000	0.453766	1000	0.292000	0.292000	0.325420	
1000	0.322000	0.453766	1000	0.322000	0.322000	0.325408	
1000	0.344000	0.453766	1000	0.344000	0.344000	0.325477	
1000	0.341000	0.453766	1000	0.341000	0.341000	0.325534	
1000	0.328000	0.453766	1000	0.328000	0.328000	0.325543	
1000	0.360000	0.453766	1000	0.360000	0.360000	0.325669	
1000	0.315000	0.453766	1000	0.315000	0.315000	0.325630	
1000	0.328000	0.453766	1000	0.328000	0.328000	0.325639	
1000	0.340000	0.453766	1000	0.340000	0.340000	0.325691	
1000	0.319000	0.453766	1000	0.319000	0.319000	0.325667	
1000	0.349000	0.453766	1000	0.349000	0.349000	0.325751	
1000	0.339000	0.453766	1000	0.339000	0.339000	0.325798	
1000	0.327000	0.453766	1000	0.327000	0.327000	0.325802	
1000	0.362000	0.453766	1000	0.362000	0.362000	0.325931	
1000	0.332000	0.453766	1000	0.332000	0.332000	0.325953	
1000	0.330000	0.453766	1000	0.330000	0.330000	0.325967	
1000	0.293000	0.453766	1000	0.293000	0.293000	0.325851	
1000	0.362000	0.453766	1000	0.362000	0.362000	0.325978	
1000	0.350000	0.453766	1000	0.350000	0.350000	0.326062	
1000	0.328000	0.453766	1000	0.328000	0.328000	0.326069	
1000	0.349000	0.453766	1000	0.349000	0.349000	0.326148	
1000	0.334000	0.453766	1000	0.334000	0.334000	0.326175	
1000	0.330000	0.453766	1000	0.330000	0.330000	0.326189	
1000	0.321000	0.453766	1000	0.321000	0.321000	0.326171	
1000	0.360000	0.453766	1000	0.360000	0.360000	0.326287	
1000	0.342000	0.453766	1000	0.342000	0.342000	0.326340	
1000	0.330000	0.453766	1000	0.330000	0.330000	0.326353	
1000	0.342000	0.453766	1000	0.342000	0.342000	0.326406	
1000	0.356000	0.453766	1000	0.356000	0.356000	0.326506	
1000	0.340000	0.453766	1000	0.340000	0.340000	0.326551	
1000	0.324000	0.453766	1000	0.324000	0.324000	0.326543	
1000	0.342000	0.453766	1000	0.342000	0.342000	0.326594	
1000	0.333000	0.453766	1000	0.333000	0.333000	0.326616	
1000	0.331000	0.453766	1000	0.331000	0.331000	0.326630	
1000	0.347000	0.453766	1000	0.347000	0.347000	0.326698	
1000	0.322000	0.453766	1000	0.322000	0.322000	0.326682	
1000	0.368000	0.453766	1000	0.368000	0.368000	0.326818	
1000	0.326000	0.453766	1000	0.326000	0.326000	0.326815	
1000	0.354000	0.453766	1000	0.354000	0.354000	0.326904	
1000	0.327000	0.453766	1000	0.327000	0.327000	0.326904	
1000	0.335000	0.453766	1000	0.335000	0.335000	0.326931	
1000	0.350000	0.453766	1000	0.350000	0.350000	0.327005	
1000	0.345000	0.453766	1000	0.345000	0.345000	0.327063	
1000	0.330000	0.453766	1000	0.330000	0.330000	0.327073	
1000	0.332000	0.453766	1000	0.332000	0.332000	0.327089	
1000	0.324000	0.453766	1000	0.324000	0.324000	0.327079	
1000	0.360000	0.453766	1000	0.360000	0.360000	0.327184	
1000	0.335000	0.453766	1000	0.335000	0.335000	0.327208	
1000	0.284000	0.453766	1000	0.284000	0.284000	0.327072	
1000	0.329000	0.453766	1000	0.329000	0.329000	0.327078	
1000	0.325000	0.453766	1000	0.325000	0.325000	0.327071	
1000	0.354000	0.453766	1000	0.354000	0.354000	0.327156	
1000	0.327000	0.453766	1000	0.327000	0.327000	0.327155	
1000	0.337000	0.453766	1000	0.337000	0.337000	0.327186	
1000	0.306000	0.453766	1000	0.306000	0.306000	0.327120	
1000	0.335000	0.453766	1000	0.335000	0.335000	0.327144	
1000	0.357000	0.453766	1000	0.357000	0.357000	0.327237	
1000	0.344000	0.453766	1000	0.344000	0.344000	0.327288	
1000	0.339000	0.453766	1000	0.339000	0.339000	0.327324	
1000	0.341000	0.453766	1000	0.341000	0.341000	0.327366	
1000	0.291000	0.453766	1000	0.291000	0.291000	0.327255	
1000	0.311000	0.453766	1000	0.311000	0.311000	0.327206	
1000	0.316000	0.453766	1000	0.316000	0.316000	0.327172	
1000	0.333000	0.453766	1000	0.333000	0.333000	0.327189	
1000	0.335000	0.453766	1000	0.335000	0.335000	0.327213	
1000	0.352000	0.453766	1000	0.352000	0.352000	0.327287	
1000	0.319000	0.453766	1000	0.319000	0.319000	0.327262	
1000	0.332000	0.453766	1000	0.332000	0.332000	0.327277	
1000	0.335000	0.453766	1000	0.335000	0.335000	0.327300	
1000	0.330000	0.453766	1000	0.330000	0.330000	0.327308	
1000	0.340000	0.453766	1000	0.340000	0.340000	0.327345	
1000	0.299000	0.453766	1000	0.299000	0.299000	0.327262	
1000	0.367000	0.453766	1000	0.367000	0.367000	0.327378	
1000	0.337000	0.453766	1000	0.337000	0.337000	0.327407	
1000	0.335000	0.453766	1000	0.335000	0.335000	0.327429	
1000	0.361000	0.453766	1000	0.361000	0.361000	0.327527	
1000	0.328000	0.453766	1000	0.328000	0.328000	0.327528	
1000	0.380000	0.453766	1000	0.380000	0.380000	0.327680	
1000	0.318000	0.453766	1000	0.318000	0.318000	0.327652	
1000	0.346000	0.453766	1000	0.346000	0.346000	0.327705	
1000	0.328000	0.453766	1000	0.328000	0.328000	0.327706	
1000	0.327000	0.453766	1000	0.327000	0.327000	0.327704	
1000	0.354000	0.453766	1000	0.354000	0.354000	0.327779	
1000	0.333000	0.453766	1000	0.333000	0.333000	0.327794	
1000	0.330000	0.453766	1000	0.330000	0.330000	0.327800	
1000	0.307000	0.453766	1000	0.307000	0.307000	0.327741	
1000	0.362000	0.453766	1000	0.362000	0.362000	0.327838	
1000	0.353000	0.453766	1000	0.353000	0.353000	0.327909	
1000	0.354000	0.453766	1000	0.354000	0.354000	0.327982	
1000	0.342000	0.453766	1000	0.342000	0.342000	0.328021	
1000	0.341000	0.453766	1000	0.341000	0.341000	0.328058	
1000	0.332000	0.453766	1000	0.332000	0.332000	0.328069	
1000	0.349000	0.453766	1000	0.349000	0.349000	0.328127	
1000	0.331000	0.453766	1000	0.331000	0.331000	0.328135	
1000	0.345000	0.453766	1000	0.345000	0.345000	0.328181	
1000	0.358000	0.453766	1000	0.358000	0.358000	0.328264	
1000	0.359000	0.453766	1000	0.359000	0.359000	0.328348	
1000	0.311000	0.453766	1000	0.311000	0.311000	0.328300	
1000	0.329000	0.453766	1000	0.329000	0.329000	0.328302	
1000	0.327000	0.453766	1000	0.327000	0.327000	0.328299	
1000	0.330000	0.453766	1000	0.330000	0.330000	0.328303	
1000	0.302000	0.453766	1000	0.302000	0.302000	0.328232	
1000	0.369000	0.453766	1000	0.369000	0.369000	0.328342	
1000	0.334000	0.453766	1000	0.334000	0.334000	0.328358	
1000	0.357000	0.453766	1000	0.357000	0.357000	0.328435	
1000	0.333000	0.453766	1000	0.333000	0.333000	0.328447	
1000	0.343000	0.453766	1000	0.343000	0.343000	0.328486	
1000	0.324000	0.453766	1000	0.324000	0.324000	0.328474	
1000	0.316000	0.453766	1000	0.316000	0.316000	0.328441	
1000	0.333000	0.453766	1000	0.333000	0.333000	0.328453	
1000	0.363000	0.453766	1000	0.363000	0.363000	0.328544	
1000	0.339000	0.453766	1000	0.339000	0.339000	0.328572	
1000	0.337000	0.453766	1000	0.337000	0.337000	0.328594	
1000	0.331000	0.453766	1000	0.331000	0.331000	0.328600	
1000	0.329000	0.453766	1000	0.329000	0.329000	0.328601	
1000	0.313000	0.453766	1000	0.313000	0.313000	0.328560	
1000	0.307000	0.453766	1000	0.307000	0.307000	0.328504	
1000	0.350000	0.453766	1000	0.350000	0.350000	0.328560	
1000	0.347000	0.453766	1000	0.347000	0.347000	0.328608	
1000	0.334000	0.453766	1000	0.334000	0.334000	0.328622	
1000	0.333000	0.453766	1000	0.333000	0.333000	0.328633	
1000	0.357000	0.453766	1000	0.357000	0.357000	0.328706	
1000	0.336000	0.453766	1000	0.336000	0.336000	0.328725	
1000	0.341000	0.453766	1000	0.341000	0.341000	0.328756	
1000	0.313000	0.453766	1000	0.313000	0.313000	0.328716	
1000	0.356000	0.453766	1000	0.356000	0.356000	0.328785	
1000	0.331000	0.453766	1000	0.331000	0.331000	0.328791	
1000	0.325000	0.453766	1000	0.325000	0.325000	0.328781	
1000	0.335000	0.453766	1000	0.335000	0.335000	0.328797	
1000	0.361000	0.453766	1000	0.361000	0.361000	0.328878	
1000	0.328000	0.453766	1000	0.328000	0.328000	0.328876	
1000	0.347000	0.453766	1000	0.347000	0.347000	0.328921	
1000	0.340000	0.453766	1000	0.340000	0.340000	0.328949	
1000	0.312000	0.453766	1000	0.312000	0.312000	0.328907	
1000	0.376000	0.453766	1000	0.376000	0.376000	0.329024	
1000	0.359000	0.453766	1000	0.359000	0.359000	0.329098	
1000	0.333000	0.453766	1000	0.333000	0.333000	0.329108	
1000	0.362000	0.453766	1000	0.362000	0.362000	0.329189	
1000	0.365000	0.453766	1000	0.365000	0.365000	0.329278	
1000	0.331000	0.453766	1000	0.331000	0.331000	0.329282	
1000	0.368000	0.453766	1000	0.368000	0.368000	0.329377	
1000	0.339000	0.453766	1000	0.339000	0.339000	0.329400	
1000	0.336000	0.453766	1000	0.336000	0.336000	0.329416	
1000	0.339000	0.453766	1000	0.339000	0.339000	0.329440	
1000	0.339000	0.453766	1000	0.339000	0.339000	0.329463	
1000	0.305000	0.453766	1000	0.305000	0.305000	0.329404	
1000	0.309000	0.453766	1000	0.309000	0.309000	0.329354	
1000	0.352000	0.453766	1000	0.352000	0.352000	0.329409	
1000	0.345000	0.453766	1000	0.345000	0.345000	0.329446	
1000	0.310000	0.453766	1000	0.310000	0.310000	0.329400	
1000	0.337000	0.453766	1000	0.337000	0.337000	0.329418	
1000	0.358000	0.453766	1000	0.358000	0.358000	0.329486	
1000	0.358000	0.453766	1000	0.358000	0.358000	0.329554	
1000	0.332000	0.453766	1000	0.332000	0.332000	0.329560	
1000	0.353000	0.453766	1000	0.353000	0.353000	0.329615	
1000	0.357000	0.453766	1000	0.357000	0.357000	0.329680	
1000	0.329000	0.453766	1000	0.329000	0.329000	0.329678	
1000	0.384000	0.453766	1000	0.384000	0.384000	0.329806	
1000	0.348000	0.453766	1000	0.348000	0.348000	0.329849	
1000	0.324000	0.453766	1000	0.324000	0.324000	0.329835	
1000	0.342000	0.453766	1000	0.342000	0.342000	0.329864	
1000	0.283000	0.453766	1000	0.283000	0.283000	0.329754	
1000	0.323000	0.453766	1000	0.323000	0.323000	0.329739	
1000	0.348000	0.453766	1000	0.348000	0.348000	0.329781	
1000	0.318000	0.453766	1000	0.318000	0.318000	0.329754	
1000	0.349000	0.453766	1000	0.349000	0.349000	0.329798	
1000	0.325000	0.453766	1000	0.325000	0.325000	0.329787	
1000	0.369000	0.453766	1000	0.369000	0.369000	0.329877	
1000	0.340000	0.453766	1000	0.340000	0.340000	0.329901	
1000	0.318000	0.453766	1000	0.318000	0.318000	0.329873	
1000	0.348000	0.453766	1000	0.348000	0.348000	0.329915	
1000	0.354000	0.453766	1000	0.354000	0.354000	0.329970	
1000	0.354000	0.453766	1000	0.354000	0.354000	0.330024	
1000	0.360000	0.453766	1000	0.360000	0.360000	0.330092	
1000	0.351000	0.453766	1000	0.351000	0.351000	0.330140	
1000	0.307000	0.453766	1000	0.307000	0.307000	0.330087	
1000	0.337000	0.453766	1000	0.337000	0.337000	0.330103	
1000	0.315000	0.453766	1000	0.315000	0.315000	0.330069	
1000	0.337000	0.453766	1000	0.337000	0.337000	0.330084	
1000	0.359000	0.453766	1000	0.359000	0.359000	0.330149	
1000	0.321000	0.453766	1000	0.321000	0.321000	0.330129	
1000	0.287000	0.453766	1000	0.287000	0.287000	0.330033	
1000	0.310000	0.453766	1000	0.310000	0.310000	0.329988	
1000	0.327000	0.453766	1000	0.327000	0.327000	0.329982	
1000	0.331000	0.453766	1000	0.331000	0.331000	0.329984	
1000	0.338000	0.453766	1000	0.338000	0.338000	0.330001	
1000	0.340000	0.453766	1000	0.340000	0.340000	0.330024	
1000	0.329000	0.453766	1000	0.329000	0.329000	0.330021	
1000	0.315000	0.453766	1000	0.315000	0.315000	0.329988	
1000	0.292000	0.453766	1000	0.292000	0.292000	0.329905	
1000	0.338000	0.453766	1000	0.338000	0.338000	0.329923	
1000	0.333000	0.453766	1000	0.333000	0.333000	0.329930	
1000	0.341000	0.453766	1000	0.341000	0.341000	0.329954	
1000	0.318000	0.453766	1000	0.318000	0.318000	0.329928	
1000	0.334000	0.453766	1000	0.334000	0.334000	0.329937	
1000	0.353000	0.453766	1000	0.353000	0.353000	0.329986	
1000	0.314000	0.453766	1000	0.314000	0.314000	0.329952	
1000	0.332000	0.453766	1000	0.332000	0.332000	0.329956	
1000	0.359000	0.453766	1000	0.359000	0.359000	0.330019	
1000	0.331000	0.453766	1000	0.331000	0.331000	0.330021	
1000	0.328000	0.453766	1000	0.328000	0.328000	0.330016	
1000	0.326000	0.453766	1000	0.326000	0.326000	0.330008	
1000	0.337000	0.453766	1000	0.337000	0.337000	0.330023	
1000	0.343000	0.453766	1000	0.343000	0.343000	0.330050	
1000	0.324000	0.453766	1000	0.324000	0.324000	0.330037	
1000	0.340000	0.453766	1000	0.340000	0.340000	0.330058	
1000	0.342000	0.453766	1000	0.342000	0.342000	0.330084	
1000	0.311000	0.453766	1000	0.311000	0.311000	0.330044	
1000	0.352000	0.453766	1000	0.352000	0.352000	0.330090	
1000	0.299000	0.453766	1000	0.299000	0.299000	0.330024	
1000	0.326000	0.453766	1000	0.326000	0.326000	0.330016	
1000	0.292000	0.453766	1000	0.292000	0.292000	0.329937	
1000	0.350000	0.453766	1000	0.350000	0.350000	0.329978	
1000	0.357000	0.453766	1000	0.357000	0.357000	0.330035	
1000	0.357000	0.453766	1000	0.357000	0.357000	0.330091	
1000	0.322000	0.453766	1000	0.322000	0.322000	0.330074	
1000	0.360000	0.453766	1000	0.360000	0.360000	0.330136	
1000	0.377000	0.453766	1000	0.377000	0.377000	0.330232	
1000	0.331000	0.453766	1000	0.331000	0.331000	0.330234	
1000	0.386000	0.453766	1000	0.386000	0.386000	0.330348	
1000	0.304000	0.453766	1000	0.304000	0.304000	0.330294	
1000	0.332000	0.453766	1000	0.332000	0.332000	0.330298	
1000	0.328000	0.453766	1000	0.328000	0.328000	0.330293	
1000	0.371000	0.453766	1000	0.371000	0.371000	0.330376	
1000	0.316000	0.453766	1000	0.316000	0.316000	0.330347	
1000	0.351000	0.453766	1000	0.351000	0.351000	0.330389	
1000	0.359000	0.453766	1000	0.359000	0.359000	0.330447	
1000	0.342000	0.453766	1000	0.342000	0.342000	0.330470	
1000	0.360000	0.453766	1000	0.360000	0.360000	0.330530	
1000	0.334000	0.453766	1000	0.334000	0.334000	0.330537	
1000	0.327000	0.453766	1000	0.327000	0.327000	0.330529	
1000	0.330000	0.453766	1000	0.330000	0.330000	0.330528	
1000	0.321000	0.453766	1000	0.321000	0.321000	0.330509	
1000	0.327000	0.453766	1000	0.327000	0.327000	0.330502	
1000	0.358000	0.453766	1000	0.358000	0.358000	0.330557	
1000	0.358000	0.453766	1000	0.358000	0.358000	0.330612	
1000	0.369000	0.453766	1000	0.369000	0.369000	0.330688	
1000	0.376000	0.453766	1000	0.376000	0.376000	0.330778	
1000	0.325000	0.453766	1000	0.325000	0.325000	0.330766	
1000	0.343000	0.453766	1000	0.343000	0.343000	0.330790	
1000	0.340000	0.453766	1000	0.340000	0.340000	0.330808	
1000	0.323000	0.453766	1000	0.323000	0.323000	0.330793	
1000	0.360000	0.453766	1000	0.360000	0.360000	0.330850	
1000	0.339000	0.453766	1000	0.339000	0.339000	0.330866	
1000	0.345000	0.453766	1000	0.345000	0.345000	0.330894	
1000	0.342000	0.453766	1000	0.342000	0.342000	0.330916	
1000	0.335000	0.453766	1000	0.335000	0.335000	0.330923	
1000	0.363000	0.453766	1000	0.363000	0.363000	0.330986	
1000	0.337000	0.453766	1000	0.337000	0.337000	0.330997	
1000	0.352000	0.453766	1000	0.352000	0.352000	0.331038	
1000	0.364000	0.453766	1000	0.364000	0.364000	0.331102	
1000	0.369000	0.453766	1000	0.369000	0.369000	0.331175	
1000	0.319000	0.453766	1000	0.319000	0.319000	0.331151	
1000	0.332000	0.453766	1000	0.332000	0.332000	0.331153	
1000	0.332000	0.453766	1000	0.332000	0.332000	0.331155	
1000	0.343000	0.453766	1000	0.343000	0.343000	0.331177	
1000	0.307000	0.453766	1000	0.307000	0.307000	0.331131	
1000	0.327000	0.453766	1000	0.327000	0.327000	0.331123	
1000	0.354000	0.453766	1000	0.354000	0.354000	0.331167	
1000	0.330000	0.453766	1000	0.330000	0.330000	0.331164	
1000	0.362000	0.453766	1000	0.362000	0.362000	0.331223	
1000	0.320000	0.453766	1000	0.320000	0.320000	0.331202	
1000	0.366000	0.453766	1000	0.366000	0.366000	0.331267	
1000	0.328000	0.453766	1000	0.328000	0.328000	0.331261	
1000	0.339000	0.453766	1000	0.339000	0.339000	0.331276	
1000	0.357000	0.453766	1000	0.357000	0.357000	0.331324	
1000	0.308000	0.453766	1000	0.308000	0.308000	0.331280	
1000	0.355000	0.453766	1000	0.355000	0.355000	0.331325	
1000	0.361000	0.453766	1000	0.361000	0.361000	0.331380	
1000	0.327000	0.453766	1000	0.327000	0.327000	0.331372	
1000	0.335000	0.453766	1000	0.335000	0.335000	0.331379	
1000	0.332000	0.453766	1000	0.332000	0.332000	0.331380	
1000	0.337000	0.453766	1000	0.337000	0.337000	0.331390	
1000	0.346000	0.453766	1000	0.346000	0.346000	0.331417	
1000	0.319000	0.453766	1000	0.319000	0.319000	0.331394	
1000	0.339000	0.453766	1000	0.339000	0.339000	0.331408	
1000	0.323000	0.453766	1000	0.323000	0.323000	0.331393	
1000	0.333000	0.453766	1000	0.333000	0.333000	0.331396	
1000	0.340000	0.453766	1000	0.340000	0.340000	0.331411	
1000	0.352000	0.453766	1000	0.352000	0.352000	0.331449	
1000	0.357000	0.453766	1000	0.357000	0.357000	0.331496	
1000	0.345000	0.453766	1000	0.345000	0.345000	0.331520	
1000	0.314000	0.453766	1000	0.314000	0.314000	0.331488	
1000	0.335000	0.453766	1000	0.335000	0.335000	0.331495	
1000	0.321000	0.453766	1000	0.321000	0.321000	0.331476	
1000	0.344000	0.453766	1000	0.344000	0.344000	0.331498	
1000	0.323000	0.453766	1000	0.323000	0.323000	0.331483	
1000	0.327000	0.453766	1000	0.327000	0.327000	0.331475	
1000	0.356000	0.453766	1000	0.356000	0.356000	0.331519	
1000	0.338000	0.453766	1000	0.338000	0.338000	0.331531	
1000	0.324000	0.453766	1000	0.324000	0.324000	0.331517	
1000	0.313000	0.453766	1000	0.313000	0.313000	0.331484	
1000	0.324000	0.453766	1000	0.324000	0.324000	0.331471	
1000	0.332000	0.453766	1000	0.332000	0.332000	0.331472	
1000	0.326000	0.453766	1000	0.326000	0.326000	0.331462	
1000	0.338000	0.453766	1000	0.338000	0.338000	0.331474	
1000	0.373000	0.453766	1000	0.373000	0.373000	0.331547	
1000	0.378000	0.453766	1000	0.378000	0.378000	0.331630	
1000	0.298000	0.453766	1000	0.298000	0.298000	0.331570	
1000	0.331000	0.453766	1000	0.331000	0.331000	0.331569	
1000	0.310000	0.453766	1000	0.310000	0.310000	0.331531	
1000	0.336000	0.453766	1000	0.336000	0.336000	0.331539	
1000	0.342000	0.453766	1000	0.342000	0.342000	0.331557	
1000	0.370000	0.453766	1000	0.370000	0.370000	0.331625	
1000	0.332000	0.453766	1000	0.332000	0.332000	0.331625	
1000	0.311000	0.453766	1000	0.311000	0.311000	0.331589	
1000	0.309000	0.453766	1000	0.309000	0.309000	0.331550	
1000	0.345000	0.453766	1000	0.345000	0.345000	0.331573	
1000	0.359000	0.453766	1000	0.359000	0.359000	0.331621	
1000	0.353000	0.453766	1000	0.353000	0.353000	0.331658	
1000	0.324000	0.453766	1000	0.324000	0.324000	0.331645	
1000	0.322000	0.453766	1000	0.322000	0.322000	0.331628	
1000	0.313000	0.453766	1000	0.313000	0.313000	0.331596	
1000	0.325000	0.453766	1000	0.325000	0.325000	0.331585	
1000	0.348000	0.453766	1000	0.348000	0.348000	0.331613	
1000	0.264000	0.453766	1000	0.264000	0.264000	0.331497	
1000	0.346000	0.453766	1000	0.346000	0.346000	0.331522	
1000	0.347000	0.453766	1000	0.347000	0.347000	0.331548	
1000	0.314000	0.453766	1000	0.314000	0.314000	0.331518	
1000	0.337000	0.453766	1000	0.337000	0.337000	0.331528	
1000	0.331000	0.453766	1000	0.331000	0.331000	0.331527	
1000	0.365000	0.453766	1000	0.365000	0.365000	0.331583	
1000	0.327000	0.453766	1000	0.327000	0.327000	0.331576	
1000	0.374000	0.453766	1000	0.374000	0.374000	0.331647	
1000	0.348000	0.453766	1000	0.348000	0.348000	0.331675	
1000	0.332000	0.453766	1000	0.332000	0.332000	0.331676	
1000	0.343000	0.453766	1000	0.343000	0.343000	0.331695	
1000	0.330000	0.453766	1000	0.330000	0.330000	0.331692	
1000	0.375000	0.453766	1000	0.375000	0.375000	0.331765	
1000	0.325000	0.453766	1000	0.325000	0.325000	0.331753	
1000	0.306000	0.453766	1000	0.306000	0.306000	0.331710	
1000	0.320000	0.453766	1000	0.320000	0.320000	0.331691	
1000	0.346000	0.453766	1000	0.346000	0.346000	0.331714	
1000	0.322000	0.453766	1000	0.322000	0.322000	0.331698	
1000	0.309000	0.453766	1000	0.309000	0.309000	0.331661	
1000	0.285000	0.453766	1000	0.285000	0.285000	0.331583	
1000	0.345000	0.453766	1000	0.345000	0.345000	0.331605	
1000	0.362000	0.453766	1000	0.362000	0.362000	0.331656	
1000	0.339000	0.453766	1000	0.339000	0.339000	0.331668	
1000	0.312000	0.453766	1000	0.312000	0.312000	0.331635	
1000	0.322000	0.453766	1000	0.322000	0.322000	0.331620	
1000	0.331000	0.453766	1000	0.331000	0.331000	0.331619	
1000	0.343000	0.453766	1000	0.343000	0.343000	0.331637	
1000	0.354000	0.453766	1000	0.354000	0.354000	0.331674	
1000	0.333000	0.453766	1000	0.333000	0.333000	0.331676	
1000	0.337000	0.453766	1000	0.337000	0.337000	0.331685	
1000	0.358000	0.453766	1000	0.358000	0.358000	0.331727	
1000	0.329000	0.453766	1000	0.329000	0.329000	0.331723	
1000	0.344000	0.453766	1000	0.344000	0.344000	0.331743	
1000	0.342000	0.453766	1000	0.342000	0.342000	0.331760	
1000	0.280000	0.453766	1000	0.280000	0.280000	0.331676	
1000	0.318000	0.453766	1000	0.318000	0.318000	0.331654	
1000	0.312000	0.453766	1000	0.312000	0.312000	0.331622	
1000	0.327000	0.453766	1000	0.327000	0.327000	0.331615	
1000	0.321000	0.453766	1000	0.321000	0.321000	0.331598	
1000	0.365000	0.453766	1000	0.365000	0.365000	0.331651	
1000	0.372000	0.453766	1000	0.372000	0.372000	0.331716	
1000	0.328000	0.453766	1000	0.328000	0.328000	0.331710	
1000	0.336000	0.453766	1000	0.336000	0.336000	0.331717	
1000	0.358000	0.453766	1000	0.358000	0.358000	0.331759	
1000	0.360000	0.453766	1000	0.360000	0.360000	0.331804	
1000	0.366000	0.453766	1000	0.366000	0.366000	0.331858	
1000	0.339000	0.453766	1000	0.339000	0.339000	0.331869	
1000	0.329000	0.453766	1000	0.329000	0.329000	0.331865	
1000	0.374000	0.453766	1000	0.374000	0.374000	0.331931	
1000	0.329000	0.453766	1000	0.329000	0.329000	0.331927	
1000	0.343000	0.453766	1000	0.343000	0.343000	0.331944	
1000	0.311000	0.453766	1000	0.311000	0.311000	0.331911	
1000	0.355000	0.453766	1000	0.355000	0.355000	0.331948	
1000	0.340000	0.453766	1000	0.340000	0.340000	0.331960	
1000	0.330000	0.453766	1000	0.330000	0.330000	0.331957	
1000	0.337000	0.453766	1000	0.337000	0.337000	0.331965	
1000	0.355000	0.453766	1000	0.355000	0.355000	0.332001	
1000	0.322000	0.453766	1000	0.322000	0.322000	0.331985	
1000	0.341000	0.453766	1000	0.341000	0.341000	0.331999	
1000	0.287000	0.453766	1000	0.287000	0.287000	0.331929	
1000	0.319000	0.453766	1000	0.319000	0.319000	0.331909	
1000	0.342000	0.453766	1000	0.342000	0.342000	0.331925	
1000	0.351000	0.453766	1000	0.351000	0.351000	0.331955	
1000	0.324000	0.453766	1000	0.324000	0.324000	0.331942	
1000	0.326000	0.453766	1000	0.326000	0.326000	0.331933	
1000	0.323000	0.453766	1000	0.323000	0.323000	0.331919	
1000	0.319000	0.453766	1000	0.319000	0.319000	0.331899	
1000	0.307000	0.453766	1000	0.307000	0.307000	0.331861	
1000	0.357000	0.453766	1000	0.357000	0.357000	0.331900	
1000	0.379000	0.453766	1000	0.379000	0.379000	0.331972	
1000	0.304000	0.453766	1000	0.304000	0.304000	0.331929	
1000	0.351000	0.453766	1000	0.351000	0.351000	0.331958	
1000	0.284000	0.453766	1000	0.284000	0.284000	0.331885	
1000	0.295000	0.453766	1000	0.295000	0.295000	0.331829	
1000	0.307000	0.453766	1000	0.307000	0.307000	0.331791	
1000	0.338000	0.453766	1000	0.338000	0.338000	0.331801	
1000	0.330000	0.453766	1000	0.330000	0.330000	0.331798	
1000	0.351000	0.453766	1000	0.351000	0.351000	0.331827	
1000	0.363000	0.453766	1000	0.363000	0.363000	0.331874	
1000	0.337000	0.453766	1000	0.337000	0.337000	0.331882	
1000	0.316000	0.453766	1000	0.316000	0.316000	0.331858	
1000	0.309000	0.453766	1000	0.309000	0.309000	0.331824	
1000	0.329000	0.453766	1000	0.329000	0.329000	0.331819	
1000	0.326000	0.453766	1000	0.326000	0.326000	0.331811	
1000	0.348000	0.453766	1000	0.348000	0.348000	0.331835	
1000	0.333000	0.453766	1000	0.333000	0.333000	0.331837	
1000	0.333000	0.453766	1000	0.333000	0.333000	0.331838	
1000	0.334000	0.453766	1000	0.334000	0.334000	0.331842	
1000	0.349000	0.453766	1000	0.349000	0.349000	0.331867	
1000	0.337000	0.453766	1000	0.337000	0.337000	0.331875	
1000	0.342000	0.453766	1000	0.342000	0.342000	0.331890	
1000	0.366000	0.453766	1000	0.366000	0.366000	0.331940	
1000	0.322000	0.453766	1000	0.322000	0.322000	0.331926	
1000	0.318000	0.453766	1000	0.318000	0.318000	0.331905	
1000	0.328000	0.453766	1000	0.328000	0.328000	0.331899	
1000	0.287000	0.453766	1000	0.287000	0.287000	0.331833	
1000	0.350000	0.453766	1000	0.350000	0.350000	0.331860	
1000	0.349000	0.453766	1000	0.349000	0.349000	0.331885	
1000	0.356000	0.453766	1000	0.356000	0.356000	0.331920	
1000	0.318000	0.453766	1000	0.318000	0.318000	0.331900	
1000	0.327000	0.453766	1000	0.327000	0.327000	0.331893	
1000	0.310000	0.453766	1000	0.310000	0.310000	0.331861	
1000	0.318000	0.453766	1000	0.318000	0.318000	0.331841	
1000	0.352000	0.453766	1000	0.352000	0.352000	0.331870	
1000	0.330000	0.453766	1000	0.330000	0.330000	0.331867	
1000	0.305000	0.453766	1000	0.305000	0.305000	0.331828	
1000	0.288000	0.453766	1000	0.288000	0.288000	0.331765	
1000	0.371000	0.453766	1000	0.371000	0.371000	0.331822	
1000	0.339000	0.453766	1000	0.339000	0.339000	0.331832	
1000	0.343000	0.453766	1000	0.343000	0.343000	0.331848	
1000	0.342000	0.453766	1000	0.342000	0.342000	0.331863	
1000	0.323000	0.453766	1000	0.323000	0.323000	0.331850	
1000	0.318000	0.453766	1000	0.318000	0.318000	0.331830	
1000	0.395000	0.453766	1000	0.395000	0.395000	0.331921	
1000	0.332000	0.453766	1000	0.332000	0.332000	0.331921	
1000	0.318000	0.453766	1000	0.318000	0.318000	0.331901	
1000	0.242000	0.453766	1000	0.242000	0.242000	0.331772	
1000	0.332000	0.453766	1000	0.332000	0.332000	0.331773	
1000	0.375000	0.453766	1000	0.375000	0.375000	0.331834	
1000	0.324000	0.453766	1000	0.324000	0.324000	0.331823	
1000	0.324000	0.453766	1000	0.324000	0.324000	0.331812	
1000	0.341000	0.453766	1000	0.341000	0.341000	0.331825	
1000	0.351000	0.453766	1000	0.351000	0.351000	0.331852	
1000	0.320000	0.453766	1000	0.320000	0.320000	0.331835	
1000	0.277000	0.453766	1000	0.277000	0.277000	0.331758	
1000	0.337000	0.453766	1000	0.337000	0.337000	0.331765	
1000	0.286000	0.453766	1000	0.286000	0.286000	0.331701	
1000	0.298000	0.453766	1000	0.298000	0.298000	0.331654	
1000	0.313000	0.453766	1000	0.313000	0.313000	0.331627	
1000	0.335000	0.453766	1000	0.335000	0.335000	0.331632	
1000	0.379000	0.453766	1000	0.379000	0.379000	0.331698	
1000	0.314000	0.453766	1000	0.314000	0.314000	0.331674	
1000	0.339000	0.453766	1000	0.339000	0.339000	0.331684	
1000	0.300000	0.453766	1000	0.300000	0.300000	0.331640	
1000	0.306000	0.453766	1000	0.306000	0.306000	0.331604	
1000	0.326000	0.453766	1000	0.326000	0.326000	0.331596	
1000	0.359000	0.453766	1000	0.359000	0.359000	0.331634	
1000	0.324000	0.453766	1000	0.324000	0.324000	0.331624	
1000	0.357000	0.453766	1000	0.357000	0.357000	0.331659	
1000	0.321000	0.453766	1000	0.321000	0.321000	0.331644	
1000	0.319000	0.453766	1000	0.319000	0.319000	0.331627	
1000	0.351000	0.453766	1000	0.351000	0.351000	0.331653	
1000	0.359000	0.453766	1000	0.359000	0.359000	0.331691	
1000	0.323000	0.453766	1000	0.323000	0.323000	0.331679	
1000	0.348000	0.453766	1000	0.348000	0.348000	0.331701	
1000	0.358000	0.453766	1000	0.358000	0.358000	0.331738	
1000	0.343000	0.453766	1000	0.343000	0.343000	0.331753	
1000	0.339000	0.453766	1000	0.339000	0.339000	0.331763	
1000	0.274000	0.453766	1000	0.274000	0.274000	0.331684	
1000	0.358000	0.453766	1000	0.358000	0.358000	0.331720	
1000	0.352000	0.453766	1000	0.352000	0.352000	0.331748	
1000	0.373000	0.453766	1000	0.373000	0.373000	0.331804	
1000	0.292000	0.453766	1000	0.292000	0.292000	0.331750	
1000	0.325000	0.453766	1000	0.325000	0.325000	0.331740	
1000	0.296000	0.453766	1000	0.296000	0.296000	0.331692	
1000	0.334000	0.453766	1000	0.334000	0.334000	0.331695	
1000	0.319000	0.453766	1000	0.319000	0.319000	0.331678	
1000	0.319000	0.453766	1000	0.319000	0.319000	0.331661	
1000	0.313000	0.453766	1000	0.313000	0.313000	0.331636	
1000	0.330000	0.453766	1000	0.330000	0.330000	0.331633	
1000	0.355000	0.453766	1000	0.355000	0.355000	0.331665	
1000	0.352000	0.453766	1000	0.352000	0.352000	0.331692	
1000	0.326000	0.453766	1000	0.326000	0.326000	0.331685	
1000	0.297000	0.453766	1000	0.297000	0.297000	0.331638	
1000	0.295000	0.453766	1000	0.295000	0.295000	0.331589	
1000	0.327000	0.453766	1000	0.327000	0.327000	0.331583	
1000	0.348000	0.453766	1000	0.348000	0.348000	0.331605	
1000	0.352000	0.453766	1000	0.352000	0.352000	0.331632	
1000	0.297000	0.453766	1000	0.297000	0.297000	0.331586	
1000	0.339000	0.453766	1000	0.339000	0.339000	0.331596	
1000	0.267000	0.453766	1000	0.267000	0.267000	0.331510	
1000	0.290000	0.453766	1000	0.290000	0.290000	0.331455	
1000	0.347000	0.453766	1000	0.347000	0.347000	0.331476	
1000	0.305000	0.453766	1000	0.305000	0.305000	0.331441	
1000	0.327000	0.453766	1000	0.327000	0.327000	0.331435	
1000	0.361000	0.453766	1000	0.361000	0.361000	0.331474	
1000	0.322000	0.453766	1000	0.322000	0.322000	0.331461	
1000	0.319000	0.453766	1000	0.319000	0.319000	0.331445	
1000	0.371000	0.453766	1000	0.371000	0.371000	0.331497	
1000	0.324000	0.453766	1000	0.324000	0.324000	0.331487	
1000	0.340000	0.453766	1000	0.340000	0.340000	0.331498	
1000	0.335000	0.453766	1000	0.335000	0.335000	0.331503	
1000	0.346000	0.453766	1000	0.346000	0.346000	0.331522	
1000	0.323000	0.453766	1000	0.323000	0.323000	0.331511	
1000	0.347000	0.453766	1000	0.347000	0.347000	0.331531	
1000	0.304000	0.453766	1000	0.304000	0.304000	0.331495	
1000	0.323000	0.453766	1000	0.323000	0.323000	0.331484	
1000	0.350000	0.453766	1000	0.350000	0.350000	0.331508	
1000	0.310000	0.453766	1000	0.310000	0.310000	0.331480	
1000	0.329000	0.453766	1000	0.329000	0.329000	0.331477	
1000	0.300000	0.453766	1000	0.300000	0.300000	0.331436	
1000	0.327000	0.453766	1000	0.327000	0.327000	0.331431	
1000	0.352000	0.453766	1000	0.352000	0.352000	0.331457	
1000	0.324000	0.453766	1000	0.324000	0.324000	0.331447	
1000	0.325000	0.453766	1000	0.325000	0.325000	0.331439	
1000	0.298000	0.453766	1000	0.298000	0.298000	0.331396	
1000	0.327000	0.453766	1000	0.327000	0.327000	0.331391	
1000	0.340000	0.453766	1000	0.340000	0.340000	0.331402	
1000	0.323000	0.453766	1000	0.323000	0.323000	0.331391	
1000	0.270000	0.453766	1000	0.270000	0.270000	0.331312	
1000	0.325000	0.453766	1000	0.325000	0.325000	0.331304	
1000	0.335000	0.453766	1000	0.335000	0.335000	0.331309	
1000	0.316000	0.453766	1000	0.316000	0.316000	0.331290	
1000	0.357000	0.453766	1000	0.357000	0.357000	0.331322	
1000	0.354000	0.453766	1000	0.354000	0.354000	0.331351	
1000	0.373000	0.453766	1000	0.373000	0.373000	0.331404	
1000	0.351000	0.453766	1000	0.351000	0.351000	0.331429	
1000	0.289000	0.453766	1000	0.289000	0.289000	0.331375	
1000	0.357000	0.453766	1000	0.357000	0.357000	0.331407	
1000	0.333000	0.453766	1000	0.333000	0.333000	0.331409	
1000	0.325000	0.453766	1000	0.325000	0.325000	0.331401	
1000	0.326000	0.453766	1000	0.326000	0.326000	0.331395	
1000	0.361000	0.453766	1000	0.361000	0.361000	0.331432	
1000	0.332000	0.453766	1000	0.332000	0.332000	0.331432	
1000	0.380000	0.453766	1000	0.380000	0.380000	0.331493	
1000	0.351000	0.453766	1000	0.351000	0.351000	0.331518	
1000	0.333000	0.453766	1000	0.333000	0.333000	0.331520	
1000	0.342000	0.453766	1000	0.342000	0.342000	0.331533	
1000	0.370000	0.453766	1000	0.370000	0.370000	0.331581	
1000	0.340000	0.453766	1000	0.340000	0.340000	0.331591	
1000	0.325000	0.453766	1000	0.325000	0.325000	0.331583	
1000	0.321000	0.453766	1000	0.321000	0.321000	0.331570	
1000	0.335000	0.453766	1000	0.335000	0.335000	0.331574	
1000	0.389000	0.453766	1000	0.389000	0.389000	0.331645	
1000	0.370000	0.453766	1000	0.370000	0.370000	0.331693	
1000	0.306000	0.453766	1000	0.306000	0.306000	0.331661	
1000	0.342000	0.453766	1000	0.342000	0.342000	0.331674	
1000	0.329000	0.453766	1000	0.329000	0.329000	0.331670	
1000	0.322000	0.453766	1000	0.322000	0.322000	0.331658	
1000	0.338000	0.453766	1000	0.338000	0.338000	0.331666	
1000	0.339000	0.453766	1000	0.339000	0.339000	0.331675	
1000	0.319000	0.453766	1000	0.319000	0.319000	0.331660	
1000	0.324000	0.453766	1000	0.324000	0.324000	0.331650	
1000	0.370000	0.453766	1000	0.370000	0.370000	0.331697	
1000	0.337000	0.453766	1000	0.337000	0.337000	0.331704	
1000	0.316000	0.453766	1000	0.316000	0.316000	0.331685	
1000	0.347000	0.453766	1000	0.347000	0.347000	0.331703	
1000	0.327000	0.453766	1000	0.327000	0.327000	0.331698	
1000	0.303000	0.453766	1000	0.303000	0.303000	0.331663	
1000	0.280000	0.453766	1000	0.280000	0.280000	0.331600	
1000	0.364000	0.453766	1000	0.364000	0.364000	0.331639	
1000	0.305000	0.453766	1000	0.305000	0.305000	0.331607	
1000	0.337000	0.453766	1000	0.337000	0.337000	0.331613	
1000	0.337000	0.453766	1000	0.337000	0.337000	0.331620	
1000	0.304000	0.453766	1000	0.304000	0.304000	0.331587	
1000	0.329000	0.453766	1000	0.329000	0.329000	0.331583	
1000	0.314000	0.453766	1000	0.314000	0.314000	0.331562	
1000	0.314000	0.453766	1000	0.314000	0.314000	0.331541	
1000	0.346000	0.453766	1000	0.346000	0.346000	0.331558	
1000	0.343000	0.453766	1000	0.343000	0.343000	0.331572	
1000	0.337000	0.453766	1000	0.337000	0.337000	0.331579	
1000	0.318000	0.453766	1000	0.318000	0.318000	0.331562	
1000	0.324000	0.453766	1000	0.324000	0.324000	0.331553	
1000	0.344000	0.453766	1000	0.344000	0.344000	0.331568	
1000	0.342000	0.453766	1000	0.342000	0.342000	0.331581	
1000	0.329000	0.453766	1000	0.329000	0.329000	0.331578	
1000	0.357000	0.453766	1000	0.357000	0.357000	0.331608	
1000	0.340000	0.453766	1000	0.340000	0.340000	0.331618	
1000	0.312000	0.453766	1000	0.312000	0.312000	0.331595	
1000	0.270000	0.453766	1000	0.270000	0.270000	0.331522	
1000	0.344000	0.453766	1000	0.344000	0.344000	0.331536	
1000	0.357000	0.453766	1000	0.357000	0.357000	0.331566	
1000	0.363000	0.453766	1000	0.363000	0.363000	0.331604	
1000	0.358000	0.453766	1000	0.358000	0.358000	0.331635	
1000	0.301000	0.453766	1000	0.301000	0.301000	0.331599	
1000	0.346000	0.453766	1000	0.346000	0.346000	0.331616	
1000	0.338000	0.453766	1000	0.338000	0.338000	0.331623	
1000	0.376000	0.453766	1000	0.376000	0.376000	0.331675	
1000	0.359000	0.453766	1000	0.359000	0.359000	0.331707	
1000	0.365000	0.453766	1000	0.365000	0.365000	0.331746	
1000	0.364000	0.453766	1000	0.364000	0.364000	0.331784	
1000	0.373000	0.453766	1000	0.373000	0.373000	0.331832	
1000	0.336000	0.453766	1000	0.336000	0.336000	0.331837	
1000	0.345000	0.453766	1000	0.345000	0.345000	0.331853	
1000	0.327000	0.453766	1000	0.327000	0.327000	0.331847	
1000	0.349000	0.453766	1000	0.349000	0.349000	0.331867	
1000	0.338000	0.453766	1000	0.338000	0.338000	0.331874	
1000	0.324000	0.453766	1000	0.324000	0.324000	0.331865	
1000	0.336000	0.453766	1000	0.336000	0.336000	0.331870	
1000	0.355000	0.453766	1000	0.355000	0.355000	0.331896	
1000	0.323000	0.453766	1000	0.323000	0.323000	0.331886	
1000	0.323000	0.453766	1000	0.323000	0.323000	0.331876	
1000	0.340000	0.453766	1000	0.340000	0.340000	0.331885	
1000	0.379000	0.453766	1000	0.379000	0.379000	0.331940	
1000	0.357000	0.453766	1000	0.357000	0.357000	0.331969	
1000	0.346000	0.453766	1000	0.346000	0.346000	0.331985	
1000	0.291000	0.453766	1000	0.291000	0.291000	0.331938	
1000	0.351000	0.453766	1000	0.351000	0.351000	0.331959	
1000	0.340000	0.453766	1000	0.340000	0.340000	0.331969	
1000	0.324000	0.453766	1000	0.324000	0.324000	0.331960	
1000	0.367000	0.453766	1000	0.367000	0.367000	0.332000	
1000	0.359000	0.453766	1000	0.359000	0.359000	0.332030	
1000	0.323000	0.453766	1000	0.323000	0.323000	0.332020	
1000	0.318000	0.453766	1000	0.318000	0.318000	0.332004	
1000	0.284000	0.453766	1000	0.284000	0.284000	0.331950	
1000	0.286000	0.453766	1000	0.286000	0.286000	0.331897	
1000	0.302000	0.453766	1000	0.302000	0.302000	0.331863	
1000	0.349000	0.453766	1000	0.349000	0.349000	0.331883	
1000	0.370000	0.453766	1000	0.370000	0.370000	0.331926	
1000	0.347000	0.453766	1000	0.347000	0.347000	0.331943	
1000	0.308000	0.453766	1000	0.308000	0.308000	0.331916	
1000	0.354000	0.453766	1000	0.354000	0.354000	0.331941	
1000	0.357000	0.453766	1000	0.357000	0.357000	0.331969	
1000	0.377000	0.453766	1000	0.377000	0.377000	0.332020	
1000	0.367000	0.453766	1000	0.367000	0.367000	0.332059	
1000	0.316000	0.453766	1000	0.316000	0.316000	0.332041	
1000	0.349000	0.453766	1000	0.349000	0.349000	0.332060	
1000	0.355000	0.453766	1000	0.355000	0.355000	0.332086	
1000	0.297000	0.453766	1000	0.297000	0.297000	0.332047	
1000	0.347000	0.453766	1000	0.347000	0.347000	0.332063	
1000	0.335000	0.453766	1000	0.335000	0.335000	0.332067	
1000	0.303000	0.453766	1000	0.303000	0.303000	0.332034	
1000	0.325000	0.453766	1000	0.325000	0.325000	0.332026	
1000	0.355000	0.453766	1000	0.355000	0.355000	0.332052	
1000	0.352000	0.453766	1000	0.352000	0.352000	0.332074	
1000	0.348000	0.453766	1000	0.348000	0.348000	0.332092	
1000	0.363000	0.453766	1000	0.363000	0.363000	0.332126	
1000	0.352000	0.453766	1000	0.352000	0.352000	0.332148	
1000	0.382000	0.453766	1000	0.382000	0.382000	0.332204	
1000	0.326000	0.453766	1000	0.326000	0.326000	0.332197	
1000	0.314000	0.453766	1000	0.314000	0.314000	0.332177	
1000	0.329000	0.453766	1000	0.329000	0.329000	0.332173	
1000	0.316000	0.453766	1000	0.316000	0.316000	0.332155	
1000	0.322000	0.453766	1000	0.322000	0.322000	0.332144	
1000	0.380000	0.453766	1000	0.380000	0.380000	0.332197	
1000	0.357000	0.453766	1000	0.357000	0.357000	0.332224	
1000	0.335000	0.453766	1000	0.335000	0.335000	0.332227	
1000	0.356000	0.453766	1000	0.356000	0.356000	0.332253	
1000	0.320000	0.453766	1000	0.320000	0.320000	0.332240	
1000	0.323000	0.453766	1000	0.323000	0.323000	0.332230	
1000	0.352000	0.453766	1000	0.352000	0.352000	0.332251	
1000	0.321000	0.453766	1000	0.321000	0.321000	0.332239	
1000	0.290000	0.453766	1000	0.290000	0.290000	0.332193	
1000	0.300000	0.453766	1000	0.300000	0.300000	0.332158	
1000	0.356000	0.453766	1000	0.356000	0.356000	0.332184	
1000	0.348000	0.453766	1000	0.348000	0.348000	0.332201	
1000	0.370000	0.453766	1000	0.370000	0.370000	0.332242	
1000	0.299000	0.453766	1000	0.299000	0.299000	0.332206	
1000	0.350000	0.453766	1000	0.350000	0.350000	0.332225	
1000	0.307000	0.453766	1000	0.307000	0.307000	0.332198	
1000	0.352000	0.453766	1000	0.352000	0.352000	0.332219	
1000	0.353000	0.453766	1000	0.353000	0.353000	0.332242	
1000	0.356000	0.453766	1000	0.356000	0.356000	0.332267	
1000	0.318000	0.453766	1000	0.318000	0.318000	0.332252	
1000	0.377000	0.453766	1000	0.377000	0.377000	0.332300	
1000	0.305000	0.453766	1000	0.305000	0.305000	0.332271	
1000	0.359000	0.453766	1000	0.359000	0.359000	0.332300	
1000	0.381000	0.453766	1000	0.381000	0.381000	0.332352	
1000	0.302000	0.453766	1000	0.302000	0.302000	0.332319	
1000	0.330000	0.453766	1000	0.330000	0.330000	0.332317	
1000	0.313000	0.453766	1000	0.313000	0.313000	0.332296	
1000	0.286000	0.453766	1000	0.286000	0.286000	0.332247	
1000	0.345000	0.453766	1000	0.345000	0.345000	0.332260	
1000	0.338000	0.453766	1000	0.338000	0.338000	0.332266	
1000	0.328000	0.453766	1000	0.328000	0.328000	0.332262	
1000	0.316000	0.453766	1000	0.316000	0.316000	0.332245	
1000	0.360000	0.453766	1000	0.360000	0.360000	0.332274	
1000	0.335000	0.453766	1000	0.335000	0.335000	0.332277	
1000	0.332000	0.453766	1000	0.332000	0.332000	0.332277	
1000	0.363000	0.453766	1000	0.363000	0.363000	0.332309	
1000	0.372000	0.453766	1000	0.372000	0.372000	0.332351	
1000	0.361000	0.453766	1000	0.361000	0.361000	0.332382	
1000	0.312000	0.453766	1000	0.312000	0.312000	0.332360	
1000	0.323000	0.453766	1000	0.323000	0.323000	0.332350	
1000	0.371000	0.453766	1000	0.371000	0.371000	0.332391	
1000	0.339000	0.453766	1000	0.339000	0.339000	0.332398	
1000	0.325000	0.453766	1000	0.325000	0.325000	0.332390	
1000	0.386000	0.453766	1000	0.386000	0.386000	0.332447	
1000	0.335000	0.453766	1000	0.335000	0.335000	0.332449	
1000	0.346000	0.453766	1000	0.346000	0.346000	0.332463	
1000	0.300000	0.453766	1000	0.300000	0.300000	0.332429	
1000	0.355000	0.453766	1000	0.355000	0.355000	0.332453	
1000	0.320000	0.453766	1000	0.320000	0.320000	0.332440	
1000	0.386000	0.453766	1000	0.386000	0.386000	0.332496	
1000	0.353000	0.453766	1000	0.353000	0.353000	0.332517	
1000	0.336000	0.453766	1000	0.336000	0.336000	0.332521	
1000	0.368000	0.453766	1000	0.368000	0.368000	0.332558	
1000	0.325000	0.453766	1000	0.325000	0.325000	0.332550	
1000	0.333000	0.453766	1000	0.333000	0.333000	0.332551	
1000	0.356000	0.453766	1000	0.356000	0.356000	0.332575	
1000	0.340000	0.453766	1000	0.340000	0.340000	0.332583	
1000	0.332000	0.453766	1000	0.332000	0.332000	0.332582	
1000	0.348000	0.453766	1000	0.348000	0.348000	0.332598	
1000	0.323000	0.453766	1000	0.323000	0.323000	0.332588	
1000	0.305000	0.453766	1000	0.305000	0.305000	0.332560	
1000	0.320000	0.453766	1000	0.320000	0.320000	0.332547	
1000	0.344000	0.453766	1000	0.344000	0.344000	0.332558	
1000	0.338000	0.453766	1000	0.338000	0.338000	0.332564	
1000	0.330000	0.453766	1000	0.330000	0.330000	0.332561	
1000	0.312000	0.453766	1000	0.312000	0.312000	0.332540	
1000	0.304000	0.453766	1000	0.304000	0.304000	0.332511	
1000	0.327000	0.453766	1000	0.327000	0.327000	0.332505	
1000	0.332000	0.453766	1000	0.332000	0.332000	0.332505	
1000	0.326000	0.453766	1000	0.326000	0.326000	0.332498	
1000	0.284000	0.453766	1000	0.284000	0.284000	0.332449	
1000	0.286000	0.453766	1000	0.286000	0.286000	0.332401	
1000	0.323000	0.453766	1000	0.323000	0.323000	0.332391	
1000	0.334000	0.453766	1000	0.334000	0.334000	0.332393	
1000	0.346000	0.453766	1000	0.346000	0.346000	0.332407	
1000	0.327000	0.453766	1000	0.327000	0.327000	0.332401	
1000	0.370000	0.453766	1000	0.370000	0.370000	0.332440	
1000	0.361000	0.453766	1000	0.361000	0.361000	0.332469	
1000	0.340000	0.453766	1000	0.340000	0.340000	0.332476	
1000	0.337000	0.453766	1000	0.337000	0.337000	0.332481	
1000	0.328000	0.453766	1000	0.328000	0.328000	0.332476	
1000	0.345000	0.453766	1000	0.345000	0.345000	0.332489	
1000	0.344000	0.453766	1000	0.344000	0.344000	0.332501	
1000	0.315000	0.453766	1000	0.315000	0.315000	0.332483	
1000	0.312000	0.453766	1000	0.312000	0.312000	0.332462	
1000	0.345000	0.453766	1000	0.345000	0.345000	0.332475	
1000	0.336000	0.453766	1000	0.336000	0.336000	0.332479	
1000	0.318000	0.453766	1000	0.318000	0.318000	0.332464	
1000	0.284000	0.453766	1000	0.284000	0.284000	0.332415	
1000	0.376000	0.453766	1000	0.376000	0.376000	0.332459	
1000	0.323000	0.453766	1000	0.323000	0.323000	0.332450	
1000	0.356000	0.453766	1000	0.356000	0.356000	0.332473	
1000	0.328000	0.453766	1000	0.328000	0.328000	0.332469	
1000	0.343000	0.453766	1000	0.343000	0.343000	0.332479	
1000	0.308000	0.453766	1000	0.308000	0.308000	0.332455	
1000	0.330000	0.453766	1000	0.330000	0.330000	0.332452	
1000	0.330000	0.453766	1000	0.330000	0.330000	0.332450	
1000	0.322000	0.453766	1000	0.322000	0.322000	0.332439	
1000	0.325000	0.453766	1000	0.325000	0.325000	0.332432	
1000	0.311000	0.453766	1000	0.311000	0.311000	0.332411	
1000	0.310000	0.453766	1000	0.310000	0.310000	0.332389	
1000	0.332000	0.453766	1000	0.332000	0.332000	0.332388	
1000	0.326000	0.453766	1000	0.326000	0.326000	0.332382	
1000	0.330000	0.453766	1000	0.330000	0.330000	0.332379	
1000	0.336000	0.453766	1000	0.336000	0.336000	0.332383	
1000	0.336000	0.453766	1000	0.336000	0.336000	0.332387	
1000	0.331000	0.453766	1000	0.331000	0.331000	0.332385	
1000	0.346000	0.453766	1000	0.346000	0.346000	0.332399	
1000	0.368000	0.453766	1000	0.368000	0.368000	0.332434	
1000	0.322000	0.453766	1000	0.322000	0.322000	0.332423	
1000	0.358000	0.453766	1000	0.358000	0.358000	0.332449	
1000	0.356000	0.453766	1000	0.356000	0.356000	0.332472	
1000	0.323000	0.453766	1000	0.323000	0.323000	0.332462	
1000	0.331000	0.453766	1000	0.331000	0.331000	0.332461	
1000	0.388000	0.453766	1000	0.388000	0.388000	0.332515	
1000	0.352000	0.453766	1000	0.352000	0.352000	0.332534	
1000	0.333000	0.453766	1000	0.333000	0.333000	0.332535	
1000	0.345000	0.453766	1000	0.345000	0.345000	0.332547	
1000	0.323000	0.453766	1000	0.323000	0.323000	0.332538	
1000	0.354000	0.453766	1000	0.354000	0.354000	0.332559	
1000	0.298000	0.453766	1000	0.298000	0.298000	0.332525	
1000	0.319000	0.453766	1000	0.319000	0.319000	0.332512	
1000	0.346000	0.453766	1000	0.346000	0.346000	0.332525	
1000	0.347000	0.453766	1000	0.347000	0.347000	0.332539	
1000	0.381000	0.453766	1000	0.381000	0.381000	0.332586	
1000	0.338000	0.453766	1000	0.338000	0.338000	0.332591	
1000	0.341000	0.453766	1000	0.341000	0.341000	0.332599	
1000	0.310000	0.453766	1000	0.310000	0.310000	0.332577	
1000	0.340000	0.453766	1000	0.340000	0.340000	0.332585	
1000	0.339000	0.453766	1000	0.339000	0.339000	0.332591	
1000	0.291000	0.453766	1000	0.291000	0.291000	0.332551	
1000	0.317000	0.453766	1000	0.317000	0.317000	0.332536	
1000	0.350000	0.453766	1000	0.350000	0.350000	0.332553	
1000	0.303000	0.453766	1000	0.303000	0.303000	0.332524	
1000	0.337000	0.453766	1000	0.337000	0.337000	0.332528	
1000	0.340000	0.453766	1000	0.340000	0.340000	0.332536	
1000	0.346000	0.453766	1000	0.346000	0.346000	0.332549	
1000	0.308000	0.453766	1000	0.308000	0.308000	0.332525	
1000	0.321000	0.453766	1000	0.321000	0.321000	0.332514	
1000	0.334000	0.453766	1000	0.334000	0.334000	0.332515	
1000	0.323000	0.453766	1000	0.323000	0.323000	0.332506	
1000	0.362000	0.453766	1000	0.362000	0.362000	0.332534	
1000	0.337000	0.453766	1000	0.337000	0.337000	0.332539	
1000	0.303000	0.453766	1000	0.303000	0.303000	0.332511	
1000	0.282000	0.453766	1000	0.282000	0.282000	0.332463	
1000	0.347000	0.453766	1000	0.347000	0.347000	0.332476	
1000	0.336000	0.453766	1000	0.336000	0.336000	0.332480	
1000	0.327000	0.453766	1000	0.327000	0.327000	0.332475	
1000	0.313000	0.453766	1000	0.313000	0.313000	0.332456	
1000	0.352000	0.453766	1000	0.352000	0.352000	0.332475	
1000	0.355000	0.453766	1000	0.355000	0.355000	0.332496	
1000	0.350000	0.453766	1000	0.350000	0.350000	0.332512	
1000	0.370000	0.453766	1000	0.370000	0.370000	0.332548	
1000	0.322000	0.453766	1000	0.322000	0.322000	0.332538	
1000	0.365000	0.453766	1000	0.365000	0.365000	0.332568	
1000	0.327000	0.453766	1000	0.327000	0.327000	0.332563	
1000	0.349000	0.453766	1000	0.349000	0.349000	0.332579	
1000	0.320000	0.453766	1000	0.320000	0.320000	0.332567	
1000	0.321000	0.453766	1000	0.321000	0.321000	0.332556	
1000	0.329000	0.453766	1000	0.329000	0.329000	0.332553	
1000	0.307000	0.453766	1000	0.307000	0.307000	0.332529	
1000	0.306000	0.453766	1000	0.306000	0.306000	0.332504	
1000	0.326000	0.453766	1000	0.326000	0.326000	0.332498	
1000	0.292000	0.453766	1000	0.292000	0.292000	0.332460	
1000	0.332000	0.453766	1000	0.332000	0.332000	0.332460	
1000	0.348000	0.453766	1000	0.348000	0.348000	0.332474	
1000	0.345000	0.453766	1000	0.345000	0.345000	0.332486	
1000	0.369000	0.453766	1000	0.369000	0.369000	0.332520	
1000	0.346000	0.453766	1000	0.346000	0.346000	0.332532	
1000	0.290000	0.453766	1000	0.290000	0.290000	0.332493	
1000	0.382000	0.453766	1000	0.382000	0.382000	0.332539	
1000	0.385000	0.453766	1000	0.385000	0.385000	0.332587	
1000	0.336000	0.453766	1000	0.336000	0.336000	0.332590	
1000	0.327000	0.453766	1000	0.327000	0.327000	0.332585	
1000	0.308000	0.453766	1000	0.308000	0.308000	0.332563	
1000	0.313000	0.453766	1000	0.313000	0.313000	0.332544	
1000	0.347000	0.453766	1000	0.347000	0.347000	0.332558	
1000	0.346000	0.453766	1000	0.346000	0.346000	0.332570	
1000	0.328000	0.453766	1000	0.328000	0.328000	0.332566	
1000	0.352000	0.453766	1000	0.352000	0.352000	0.332584	
1000	0.359000	0.453766	1000	0.359000	0.359000	0.332608	
1000	0.337000	0.453766	1000	0.337000	0.337000	0.332612	
1000	0.352000	0.453766	1000	0.352000	0.352000	0.332630	
1000	0.261000	0.453766	1000	0.261000	0.261000	0.332564	
1000	0.310000	0.453766	1000	0.310000	0.310000	0.332544	
1000	0.324000	0.453766	1000	0.324000	0.324000	0.332536	
1000	0.337000	0.453766	1000	0.337000	0.337000	0.332540	
1000	0.331000	0.453766	1000	0.331000	0.331000	0.332539	
1000	0.326000	0.453766	1000	0.326000	0.326000	0.332533	
1000	0.373000	0.453766	1000	0.373000	0.373000	0.332569	
1000	0.355000	0.453766	1000	0.355000	0.355000	0.332590	
1000	0.367000	0.453766	1000	0.367000	0.367000	0.332621	
1000	0.337000	0.453766	1000	0.337000	0.337000	0.332625	
