Default schedule
Rate	83.33
Tree Move	16.67
Rate Tried	% Accepted	Tree Move Tried	% Accepted	Rates - Dev	Rates - Tried	Rates - Accepted	Sample Ave Acceptance	Total Ave Acceptance	
1	0.000000	0.0	0	7.357664	1	0.000000	0.000000	0.000000	
811	0.000000	189	0.555556	7.357664	812	0.000000	0.105000	0.104895	
760	0.000000	240	0.595833	5.000000	760	0.000000	0.143000	0.123938	
796	0.001256	204	0.745098	3.589195	796	0.001256	0.153000	0.133622	
824	0.006068	176	0.795455	1.818813	824	0.006068	0.145000	0.136466	
853	0.002345	147	0.877551	1.306554	853	0.002345	0.131000	0.135373	
857	0.000000	143	0.874126	0.788179	857	0.000000	0.125000	0.133644	
827	0.019347	173	0.855491	0.542563	827	0.019347	0.164000	0.137980	
816	0.015931	184	0.853261	0.540053	816	0.015931	0.170000	0.141982	
815	0.036810	185	0.870270	0.430371	815	0.036810	0.191000	0.147428	
796	0.035176	204	0.887255	0.327571	796	0.035176	0.209000	0.153585	
816	0.066176	184	0.864130	0.249343	816	0.066176	0.213000	0.158986	
826	0.100484	174	0.787356	0.206298	826	0.100484	0.220000	0.164070	
825	0.145455	175	0.822857	0.166228	825	0.145455	0.264000	0.171756	
829	0.117008	171	0.847953	0.160477	829	0.117008	0.242000	0.176773	
839	0.164482	161	0.850932	0.149015	839	0.164482	0.275000	0.183321	
819	0.266178	181	0.856354	0.077850	819	0.266178	0.373000	0.195175	
824	0.500000	176	0.863636	0.077850	824	0.500000	0.564000	0.216870	
853	0.328253	147	0.809524	0.098738	853	0.328253	0.399000	0.226987	
840	0.323810	160	0.875000	0.098738	840	0.323810	0.412000	0.236724	
813	0.277983	187	0.839572	0.098738	813	0.277983	0.383000	0.244038	
841	0.284185	159	0.867925	0.098738	841	0.284185	0.377000	0.250369	
859	0.327125	141	0.872340	0.098738	859	0.327125	0.404000	0.257352	
818	0.413203	182	0.884615	0.098738	818	0.413203	0.499000	0.267858	
825	0.183030	175	0.851429	0.141807	825	0.183030	0.300000	0.269197	
834	0.388489	166	0.885542	0.071200	834	0.388489	0.471000	0.277269	
797	0.382685	203	0.876847	0.071200	797	0.382685	0.483000	0.285181	
824	0.407767	176	0.806818	0.071200	824	0.407767	0.478000	0.292323	
826	0.340194	174	0.821839	0.077249	826	0.340194	0.424000	0.297025	
819	0.319902	181	0.850829	0.077249	819	0.319902	0.416000	0.301128	
819	0.415140	181	0.895028	0.077249	819	0.415140	0.502000	0.307823	
836	0.222488	164	0.841463	0.137168	836	0.222488	0.324000	0.308345	
815	0.185276	185	0.891892	0.137168	815	0.185276	0.316000	0.308584	
841	0.287753	159	0.874214	0.088942	841	0.287753	0.381000	0.310778	
832	0.358173	168	0.898810	0.088942	832	0.358173	0.449000	0.314844	
837	0.420550	163	0.883436	0.088942	837	0.420550	0.496000	0.320019	
818	0.332518	182	0.862637	0.103855	818	0.332518	0.429000	0.323047	
838	0.288783	162	0.876543	0.103855	838	0.288783	0.384000	0.324694	
828	0.359903	172	0.877907	0.103855	828	0.359903	0.449000	0.327965	
850	0.297647	150	0.873333	0.103855	850	0.297647	0.384000	0.329402	
833	0.345738	167	0.880240	0.103855	833	0.345738	0.435000	0.332042	
839	0.266985	161	0.844720	0.103855	839	0.266985	0.360000	0.332724	
833	0.309724	167	0.868263	0.103855	833	0.309724	0.403000	0.334397	
827	0.211608	173	0.832370	0.103855	827	0.211608	0.319000	0.334039	
826	0.320823	174	0.873563	0.103855	826	0.320823	0.417000	0.335924	
832	0.311298	168	0.821429	0.103855	832	0.311298	0.397000	0.337281	
829	0.335344	171	0.906433	0.103855	829	0.335344	0.433000	0.339362	
835	0.283832	165	0.872727	0.103855	835	0.283832	0.381000	0.340248	
831	0.370638	169	0.905325	0.103855	831	0.370638	0.461000	0.342764	
816	0.324755	184	0.896739	0.103855	816	0.324755	0.430000	0.344544	
830	0.336145	170	0.900000	0.103855	830	0.336145	0.432000	0.346293	
811	0.324291	189	0.873016	0.103855	811	0.324291	0.428000	0.347895	
820	0.260976	180	0.883333	0.103855	820	0.260976	0.373000	0.348378	
821	0.247259	179	0.888268	0.103855	821	0.247259	0.362000	0.348635	
815	0.238037	185	0.870270	0.103855	815	0.238037	0.355000	0.348753	
830	0.208434	170	0.929412	0.103855	830	0.208434	0.331000	0.348430	
834	0.320144	166	0.873494	0.103855	834	0.320144	0.412000	0.349565	
815	0.242945	185	0.870270	0.103855	815	0.242945	0.359000	0.349731	
839	0.265793	161	0.850932	0.103855	839	0.265793	0.360000	0.349908	
832	0.277644	168	0.892857	0.103855	832	0.277644	0.381000	0.350435	
827	0.286578	173	0.913295	0.103855	827	0.286578	0.395000	0.351177	
822	0.255474	178	0.831461	0.103855	822	0.255474	0.358000	0.351289	
845	0.288757	155	0.870968	0.103855	845	0.288757	0.379000	0.351736	
832	0.283654	168	0.898810	0.103855	832	0.283654	0.387000	0.352296	
821	0.238733	179	0.905028	0.103855	821	0.238733	0.358000	0.352385	
830	0.307229	170	0.835294	0.103855	830	0.307229	0.397000	0.353071	
829	0.318456	171	0.824561	0.103855	829	0.318456	0.405000	0.353858	
832	0.316106	168	0.886905	0.103855	832	0.316106	0.412000	0.354726	
848	0.292453	152	0.848684	0.103855	848	0.292453	0.377000	0.355054	
833	0.271309	167	0.916168	0.103855	833	0.271309	0.379000	0.355401	
836	0.342105	164	0.920732	0.103855	836	0.342105	0.437000	0.356566	
826	0.361985	174	0.862069	0.103855	826	0.361985	0.449000	0.357868	
823	0.324423	177	0.892655	0.103855	823	0.324423	0.425000	0.358801	
811	0.226880	189	0.883598	0.103855	811	0.226880	0.351000	0.358694	
837	0.348865	163	0.920245	0.103855	837	0.348865	0.442000	0.359819	
828	0.237923	172	0.831395	0.103855	828	0.237923	0.340000	0.359555	
818	0.330073	182	0.862637	0.103855	818	0.330073	0.427000	0.360443	
816	0.273284	184	0.875000	0.103855	816	0.273284	0.384000	0.360749	
851	0.339600	149	0.859060	0.103855	851	0.339600	0.417000	0.361470	
837	0.421744	163	0.815951	0.103855	837	0.421744	0.486000	0.363046	
819	0.183150	181	0.867403	0.143430	819	0.183150	0.307000	0.362345	
854	0.286885	146	0.773973	0.115673	854	0.286885	0.358000	0.362292	
830	0.225301	170	0.870588	0.115673	830	0.225301	0.335000	0.361959	
833	0.188475	167	0.838323	0.115673	833	0.188475	0.297000	0.361176	
839	0.308701	161	0.875776	0.075688	839	0.308701	0.400000	0.361639	
846	0.312057	154	0.896104	0.075688	846	0.312057	0.402000	0.362113	
831	0.404332	169	0.834320	0.075688	831	0.404332	0.477000	0.363449	
829	0.174910	171	0.865497	0.139758	829	0.174910	0.293000	0.362640	
843	0.275208	157	0.853503	0.114043	843	0.275208	0.366000	0.362678	
825	0.295758	175	0.857143	0.114043	825	0.295758	0.394000	0.363030	
810	0.243210	190	0.757895	0.114043	810	0.243210	0.341000	0.362785	
810	0.353086	190	0.894737	0.114043	810	0.353086	0.456000	0.363809	
832	0.216346	168	0.880952	0.114043	832	0.216346	0.328000	0.363420	
847	0.309327	153	0.823529	0.114043	847	0.309327	0.388000	0.363684	
842	0.211401	158	0.867089	0.114043	842	0.211401	0.315000	0.363166	
841	0.290131	159	0.937107	0.114043	841	0.290131	0.393000	0.363480	
841	0.243757	159	0.817610	0.114043	841	0.243757	0.335000	0.363184	
823	0.250304	177	0.926554	0.114043	823	0.250304	0.370000	0.363254	
795	0.281761	205	0.887805	0.114043	795	0.281761	0.406000	0.363690	
804	0.310945	196	0.882653	0.114043	804	0.310945	0.423000	0.364289	
825	0.296970	175	0.845714	0.114043	825	0.296970	0.393000	0.364576	
823	0.334143	177	0.864407	0.114043	823	0.334143	0.428000	0.365204	
851	0.303173	149	0.852349	0.114043	851	0.303173	0.385000	0.365398	
816	0.323529	184	0.826087	0.114043	816	0.323529	0.416000	0.365890	
818	0.243276	182	0.862637	0.114043	818	0.243276	0.356000	0.365795	
839	0.239571	161	0.832298	0.114043	839	0.239571	0.335000	0.365501	
834	0.238609	166	0.783133	0.114043	834	0.238609	0.329000	0.365157	
843	0.322657	157	0.796178	0.114043	843	0.322657	0.397000	0.365455	
831	0.252708	169	0.840237	0.114043	831	0.252708	0.352000	0.365330	
809	0.173053	191	0.858639	0.114043	809	0.173053	0.304000	0.364767	
838	0.502387	162	0.808642	0.057842	838	0.502387	0.552000	0.366469	
857	0.450408	143	0.832168	0.059359	857	0.450408	0.505000	0.367717	
822	0.307786	178	0.859551	0.096082	822	0.307786	0.406000	0.368059	
832	0.307692	168	0.863095	0.096082	832	0.307692	0.401000	0.368351	
809	0.229913	191	0.884817	0.096082	809	0.229913	0.355000	0.368234	
803	0.242839	197	0.827411	0.096082	803	0.242839	0.358000	0.368145	
789	0.243346	211	0.900474	0.096082	789	0.243346	0.382000	0.368264	
824	0.253641	176	0.869318	0.096082	824	0.253641	0.362000	0.368211	
833	0.289316	167	0.934132	0.096082	833	0.289316	0.397000	0.368455	
809	0.253399	191	0.937173	0.096082	809	0.253399	0.384000	0.368585	
838	0.306683	162	0.895062	0.096082	838	0.306683	0.402000	0.368864	
850	0.250588	150	0.886667	0.096082	850	0.250588	0.346000	0.368675	
841	0.282996	159	0.849057	0.096082	841	0.282996	0.373000	0.368710	
832	0.346154	168	0.815476	0.096082	832	0.346154	0.425000	0.369168	
828	0.342995	172	0.877907	0.096082	828	0.342995	0.435000	0.369699	
800	0.307500	200	0.865000	0.096082	800	0.307500	0.419000	0.370093	
862	0.287703	138	0.855072	0.096082	862	0.287703	0.366000	0.370061	
826	0.358354	174	0.798851	0.096082	826	0.358354	0.435000	0.370572	
856	0.357477	144	0.881944	0.096082	856	0.357477	0.433000	0.371060	
843	0.313167	157	0.840764	0.096082	843	0.313167	0.396000	0.371253	
818	0.305623	182	0.802198	0.096082	818	0.305623	0.396000	0.371443	
823	0.337789	177	0.920904	0.096082	823	0.337789	0.441000	0.371974	
824	0.262136	176	0.863636	0.096082	824	0.262136	0.368000	0.371944	
831	0.241877	169	0.875740	0.096082	831	0.241877	0.349000	0.371772	
845	0.271006	155	0.916129	0.096082	845	0.271006	0.371000	0.371766	
823	0.307412	177	0.853107	0.096082	823	0.307412	0.404000	0.372005	
841	0.391201	159	0.861635	0.096082	841	0.391201	0.466000	0.372696	
827	0.220073	173	0.826590	0.096082	827	0.220073	0.325000	0.372348	
833	0.308523	167	0.904192	0.096082	833	0.308523	0.408000	0.372606	
825	0.315152	175	0.868571	0.096082	825	0.315152	0.412000	0.372889	
792	0.438131	208	0.899038	0.096082	792	0.438131	0.534000	0.374040	
848	0.279481	152	0.815789	0.098536	848	0.279481	0.361000	0.373948	
839	0.230036	161	0.881988	0.098536	839	0.230036	0.335000	0.373673	
854	0.355972	146	0.904110	0.098536	854	0.355972	0.436000	0.374109	
823	0.280680	177	0.915254	0.098536	823	0.280680	0.393000	0.374240	
850	0.275294	150	0.893333	0.098536	850	0.275294	0.368000	0.374197	
821	0.344702	179	0.826816	0.098536	821	0.344702	0.431000	0.374586	
845	0.307692	155	0.787097	0.098536	845	0.307692	0.382000	0.374637	
835	0.350898	165	0.866667	0.098536	835	0.350898	0.436000	0.375052	
810	0.259259	190	0.915789	0.098536	810	0.259259	0.384000	0.375112	
809	0.357231	191	0.858639	0.098536	809	0.357231	0.453000	0.375631	
803	0.283935	197	0.868020	0.098536	803	0.283935	0.399000	0.375786	
830	0.271084	170	0.858824	0.098536	830	0.271084	0.371000	0.375754	
851	0.374853	149	0.892617	0.098536	851	0.374853	0.452000	0.376252	
815	0.241718	185	0.875676	0.098536	815	0.241718	0.359000	0.376140	
825	0.316364	175	0.914286	0.098536	825	0.316364	0.421000	0.376430	
836	0.377990	164	0.939024	0.098536	836	0.377990	0.470000	0.377030	
812	0.358374	188	0.861702	0.098536	812	0.358374	0.453000	0.377514	
837	0.338112	163	0.901840	0.098536	837	0.338112	0.430000	0.377846	
802	0.352868	198	0.909091	0.098536	802	0.352868	0.463000	0.378381	
845	0.320710	155	0.870968	0.098536	845	0.320710	0.406000	0.378554	
843	0.281139	157	0.859873	0.098536	843	0.281139	0.372000	0.378513	
825	0.270303	175	0.942857	0.098536	825	0.270303	0.388000	0.378572	
842	0.326603	158	0.905063	0.098536	842	0.326603	0.418000	0.378814	
806	0.361042	194	0.871134	0.098536	806	0.361042	0.460000	0.379309	
814	0.300983	186	0.903226	0.098536	814	0.300983	0.413000	0.379513	
832	0.276442	168	0.904762	0.098536	832	0.276442	0.382000	0.379528	
823	0.302552	177	0.881356	0.098536	823	0.302552	0.405000	0.379680	
835	0.312575	165	0.939394	0.098536	835	0.312575	0.416000	0.379897	
853	0.342321	147	0.884354	0.098536	853	0.342321	0.422000	0.380146	
831	0.187726	169	0.828402	0.098536	831	0.187726	0.296000	0.379651	
824	0.456311	176	0.835227	0.065455	824	0.456311	0.523000	0.380489	
818	0.238386	182	0.840659	0.125401	818	0.238386	0.348000	0.380300	
814	0.292383	186	0.865591	0.125401	814	0.292383	0.399000	0.380408	
837	0.223417	163	0.883436	0.125401	837	0.223417	0.331000	0.380124	
837	0.203106	163	0.871166	0.125401	837	0.203106	0.312000	0.379735	
813	0.177122	187	0.828877	0.125401	813	0.177122	0.299000	0.379276	
818	0.327628	182	0.901099	0.084383	818	0.327628	0.432000	0.379574	
847	0.293979	153	0.862745	0.084383	847	0.293979	0.381000	0.379582	
834	0.424460	166	0.849398	0.084383	834	0.424460	0.495000	0.380227	
848	0.259434	152	0.868421	0.136868	848	0.259434	0.352000	0.380070	
810	0.188889	190	0.868421	0.136868	810	0.188889	0.318000	0.379727	
802	0.200748	198	0.873737	0.128813	802	0.200748	0.334000	0.379476	
837	0.250896	163	0.834356	0.128813	837	0.250896	0.346000	0.379293	
834	0.236211	166	0.909639	0.128813	834	0.236211	0.348000	0.379123	
834	0.254197	166	0.855422	0.128813	834	0.254197	0.354000	0.378987	
841	0.234245	159	0.855346	0.128813	841	0.234245	0.333000	0.378740	
830	0.191566	170	0.894118	0.128813	830	0.191566	0.311000	0.378378	
826	0.309927	174	0.879310	0.117321	826	0.309927	0.409000	0.378541	
844	0.258294	156	0.897436	0.117321	844	0.258294	0.358000	0.378432	
799	0.242804	201	0.840796	0.117321	799	0.242804	0.363000	0.378351	
804	0.211443	196	0.841837	0.117321	804	0.211443	0.335000	0.378124	
827	0.314389	173	0.895954	0.117321	827	0.314389	0.415000	0.378316	
829	0.258142	171	0.754386	0.117321	829	0.258142	0.343000	0.378133	
818	0.245721	182	0.846154	0.117321	818	0.245721	0.355000	0.378014	
854	0.312646	146	0.863014	0.117321	854	0.312646	0.393000	0.378090	
834	0.212230	166	0.819277	0.117321	834	0.212230	0.313000	0.377758	
841	0.221165	159	0.849057	0.117321	841	0.221165	0.321000	0.377470	
789	0.207858	211	0.805687	0.117321	789	0.207858	0.334000	0.377251	
846	0.289598	154	0.792208	0.117321	846	0.289598	0.367000	0.377199	
808	0.180693	192	0.822917	0.117321	808	0.180693	0.304000	0.376833	
850	0.295294	150	0.780000	0.108524	850	0.295294	0.368000	0.376789	
789	0.275032	211	0.867299	0.108524	789	0.275032	0.400000	0.376904	
803	0.255293	197	0.873096	0.108524	803	0.255293	0.377000	0.376905	
800	0.277500	200	0.915000	0.108524	800	0.277500	0.405000	0.377042	
816	0.323529	184	0.885870	0.108524	816	0.323529	0.427000	0.377286	
822	0.369830	178	0.853933	0.108524	822	0.369830	0.456000	0.377668	
819	0.238095	181	0.900552	0.108524	819	0.238095	0.358000	0.377573	
838	0.230310	162	0.845679	0.108524	838	0.230310	0.330000	0.377344	
815	0.283436	185	0.891892	0.108524	815	0.283436	0.396000	0.377434	
814	0.243243	186	0.860215	0.108524	814	0.243243	0.358000	0.377341	
811	0.245376	189	0.857143	0.108524	811	0.245376	0.361000	0.377264	
812	0.242611	188	0.835106	0.108524	812	0.242611	0.354000	0.377154	
834	0.195444	166	0.849398	0.108524	834	0.195444	0.304000	0.376810	
812	0.325123	188	0.882979	0.093754	812	0.325123	0.430000	0.377059	
826	0.365617	174	0.867816	0.093754	826	0.365617	0.453000	0.377412	
840	0.339286	160	0.850000	0.093754	840	0.339286	0.421000	0.377614	
842	0.288599	158	0.892405	0.093754	842	0.288599	0.384000	0.377643	
847	0.363636	153	0.862745	0.093754	847	0.363636	0.440000	0.377929	
852	0.326291	148	0.891892	0.093754	852	0.326291	0.410000	0.378076	
844	0.298578	156	0.794872	0.093754	844	0.298578	0.376000	0.378066	
815	0.333742	185	0.875676	0.093754	815	0.333742	0.434000	0.378320	
822	0.418491	178	0.848315	0.093754	822	0.418491	0.495000	0.378845	
826	0.318402	174	0.844828	0.107176	826	0.318402	0.410000	0.378985	
820	0.307317	180	0.844444	0.107176	820	0.307317	0.404000	0.379097	
834	0.280576	166	0.837349	0.107176	834	0.280576	0.373000	0.379069	
824	0.268204	176	0.914773	0.107176	824	0.268204	0.382000	0.379082	
839	0.348033	161	0.881988	0.107176	839	0.348033	0.434000	0.379324	
832	0.292067	168	0.922619	0.107176	832	0.292067	0.398000	0.379406	
810	0.251852	190	0.873684	0.107176	810	0.251852	0.370000	0.379365	
826	0.207022	174	0.873563	0.107176	826	0.207022	0.323000	0.379120	
830	0.318072	170	0.852941	0.107176	830	0.318072	0.409000	0.379249	
807	0.208178	193	0.823834	0.107176	807	0.208178	0.327000	0.379024	
833	0.362545	167	0.826347	0.107176	833	0.362545	0.440000	0.379286	
814	0.267813	186	0.849462	0.107176	814	0.267813	0.376000	0.379272	
830	0.234940	170	0.911765	0.107176	830	0.234940	0.350000	0.379147	
833	0.304922	167	0.934132	0.107176	833	0.304922	0.410000	0.379278	
845	0.222485	155	0.929032	0.107176	845	0.222485	0.332000	0.379079	
850	0.268235	150	0.913333	0.107176	850	0.268235	0.365000	0.379019	
829	0.334138	171	0.888889	0.107176	829	0.334138	0.429000	0.379229	
823	0.273390	177	0.870056	0.107176	823	0.273390	0.379000	0.379228	
820	0.286585	180	0.888889	0.107176	820	0.286585	0.395000	0.379293	
813	0.316113	187	0.909091	0.107176	813	0.316113	0.427000	0.379490	
850	0.305882	150	0.900000	0.107176	850	0.305882	0.395000	0.379554	
845	0.323077	155	0.870968	0.107176	845	0.323077	0.408000	0.379671	
830	0.231325	170	0.841176	0.107176	830	0.231325	0.335000	0.379488	
849	0.275618	151	0.807947	0.107176	849	0.275618	0.356000	0.379393	
810	0.327160	190	0.794737	0.107176	810	0.327160	0.416000	0.379541	
841	0.278240	159	0.911950	0.107176	841	0.278240	0.379000	0.379539	
815	0.208589	185	0.913514	0.107176	815	0.208589	0.339000	0.379376	
825	0.225455	175	0.897143	0.107176	825	0.225455	0.343000	0.379230	
841	0.152200	159	0.874214	0.107176	841	0.152200	0.267000	0.378783	
832	0.328125	168	0.922619	0.093263	832	0.328125	0.428000	0.378979	
836	0.306220	164	0.859756	0.093263	836	0.306220	0.397000	0.379050	
825	0.289697	175	0.822857	0.093263	825	0.289697	0.383000	0.379065	
825	0.347879	175	0.908571	0.093263	825	0.347879	0.446000	0.379328	
851	0.321974	149	0.791946	0.093263	851	0.321974	0.392000	0.379377	
802	0.329177	198	0.909091	0.093263	802	0.329177	0.444000	0.379629	
815	0.293252	185	0.897297	0.093263	815	0.293252	0.405000	0.379727	
816	0.294118	184	0.896739	0.093263	816	0.294118	0.405000	0.379825	
862	0.351508	138	0.905797	0.093263	862	0.351508	0.428000	0.380010	
830	0.293976	170	0.864706	0.093263	830	0.293976	0.391000	0.380052	
836	0.401914	164	0.853659	0.093263	836	0.401914	0.476000	0.380418	
836	0.294258	164	0.847561	0.095685	836	0.294258	0.385000	0.380436	
836	0.345694	164	0.914634	0.095685	836	0.345694	0.439000	0.380658	
834	0.366906	166	0.909639	0.095685	834	0.366906	0.457000	0.380946	
852	0.330986	148	0.844595	0.095685	852	0.330986	0.407000	0.381044	
828	0.327295	172	0.848837	0.095685	828	0.327295	0.417000	0.381178	
802	0.305486	198	0.848485	0.095685	802	0.305486	0.413000	0.381297	
813	0.351784	187	0.946524	0.095685	813	0.351784	0.463000	0.381601	
844	0.319905	156	0.923077	0.095685	844	0.319905	0.414000	0.381721	
853	0.334115	147	0.857143	0.095685	853	0.334115	0.411000	0.381829	
845	0.287574	155	0.864516	0.095685	845	0.287574	0.377000	0.381811	
816	0.299020	184	0.913043	0.095685	816	0.299020	0.412000	0.381922	
842	0.390736	158	0.854430	0.095685	842	0.390736	0.464000	0.382221	
824	0.360437	176	0.829545	0.095685	824	0.360437	0.443000	0.382442	
832	0.377404	168	0.892857	0.095685	832	0.377404	0.464000	0.382738	
860	0.379070	140	0.907143	0.095685	860	0.379070	0.453000	0.382991	
848	0.298349	152	0.868421	0.095685	848	0.298349	0.385000	0.382999	
806	0.284119	194	0.840206	0.095685	806	0.284119	0.392000	0.383031	
824	0.387136	176	0.863636	0.095685	824	0.387136	0.471000	0.383345	
826	0.302663	174	0.862069	0.095685	826	0.302663	0.400000	0.383404	
809	0.253399	191	0.884817	0.095685	809	0.253399	0.374000	0.383371	
813	0.277983	187	0.850267	0.095685	813	0.277983	0.385000	0.383377	
789	0.247148	211	0.881517	0.095685	789	0.247148	0.381000	0.383368	
840	0.250000	160	0.850000	0.095685	840	0.250000	0.346000	0.383237	
831	0.269555	169	0.917160	0.095685	831	0.269555	0.379000	0.383222	
821	0.244823	179	0.893855	0.095685	821	0.244823	0.361000	0.383145	
835	0.306587	165	0.872727	0.095685	835	0.306587	0.400000	0.383204	
799	0.395494	201	0.786070	0.095685	799	0.395494	0.474000	0.383518	
833	0.280912	167	0.790419	0.095685	833	0.280912	0.366000	0.383457	
814	0.126536	186	0.865591	0.095685	814	0.126536	0.264000	0.383047	
829	0.340169	171	0.842105	0.090374	829	0.340169	0.426000	0.383194	
809	0.325093	191	0.848168	0.090374	809	0.325093	0.425000	0.383337	
813	0.292743	187	0.850267	0.090374	813	0.292743	0.397000	0.383383	
802	0.208229	198	0.863636	0.090374	802	0.208229	0.338000	0.383229	
814	0.310811	186	0.833333	0.090374	814	0.310811	0.408000	0.383313	
821	0.302071	179	0.860335	0.090374	821	0.302071	0.402000	0.383376	
812	0.389163	188	0.893617	0.090374	812	0.389163	0.484000	0.383713	
825	0.339394	175	0.880000	0.090374	825	0.339394	0.434000	0.383882	
819	0.280830	181	0.861878	0.090374	819	0.280830	0.386000	0.383889	
820	0.317073	180	0.850000	0.090374	820	0.317073	0.413000	0.383985	
820	0.309756	180	0.888889	0.090374	820	0.309756	0.414000	0.384085	
818	0.298289	182	0.851648	0.090374	818	0.298289	0.399000	0.384134	
838	0.396181	162	0.876543	0.090374	838	0.396181	0.474000	0.384430	
854	0.319672	146	0.856164	0.090374	854	0.319672	0.398000	0.384474	
833	0.393758	167	0.940120	0.090374	833	0.393758	0.485000	0.384803	
806	0.405707	194	0.840206	0.090374	806	0.405707	0.490000	0.385145	
845	0.137278	155	0.916129	0.165497	845	0.137278	0.258000	0.384733	
826	0.158596	174	0.821839	0.134858	826	0.158596	0.274000	0.384374	
784	0.188776	216	0.907407	0.119692	784	0.188776	0.344000	0.384244	
844	0.241706	156	0.846154	0.106140	844	0.241706	0.336000	0.384089	
828	0.224638	172	0.877907	0.106140	828	0.224638	0.337000	0.383938	
855	0.274854	145	0.862069	0.106140	855	0.274854	0.360000	0.383861	
804	0.221393	196	0.877551	0.106140	804	0.221393	0.350000	0.383754	
830	0.314458	170	0.852941	0.106140	830	0.314458	0.406000	0.383824	
815	0.238037	185	0.881081	0.106140	815	0.238037	0.357000	0.383739	
838	0.279236	162	0.796296	0.106140	838	0.279236	0.363000	0.383674	
805	0.356522	195	0.851282	0.106140	805	0.356522	0.453000	0.383892	
844	0.295024	156	0.878205	0.106140	844	0.295024	0.386000	0.383898	
816	0.281863	184	0.907609	0.106140	816	0.281863	0.397000	0.383939	
850	0.269412	150	0.860000	0.106140	850	0.269412	0.358000	0.383859	
819	0.221001	181	0.856354	0.106140	819	0.221001	0.336000	0.383710	
839	0.209774	161	0.863354	0.106140	839	0.209774	0.315000	0.383497	
815	0.309202	185	0.897297	0.106140	815	0.309202	0.418000	0.383604	
807	0.235440	193	0.865285	0.106140	807	0.235440	0.357000	0.383522	
818	0.347188	182	0.917582	0.106140	818	0.347188	0.451000	0.383729	
817	0.317013	183	0.857923	0.106140	817	0.317013	0.416000	0.383828	
859	0.307334	141	0.879433	0.106140	859	0.307334	0.388000	0.383840	
857	0.270712	143	0.818182	0.106140	857	0.270712	0.349000	0.383734	
822	0.220195	178	0.887640	0.106140	822	0.220195	0.339000	0.383599	
830	0.215663	170	0.794118	0.106140	830	0.215663	0.314000	0.383389	
849	0.329800	151	0.841060	0.106140	849	0.329800	0.407000	0.383460	
810	0.325926	190	0.794737	0.106140	810	0.325926	0.415000	0.383554	
826	0.211864	174	0.844828	0.106140	826	0.211864	0.322000	0.383370	
837	0.270012	163	0.889571	0.106140	837	0.270012	0.371000	0.383333	
842	0.270784	158	0.860759	0.106140	842	0.270784	0.364000	0.383276	
839	0.269368	161	0.819876	0.106140	839	0.269368	0.358000	0.383201	
849	0.274441	151	0.821192	0.106140	849	0.274441	0.357000	0.383123	
851	0.307873	149	0.852349	0.106140	851	0.307873	0.389000	0.383140	
863	0.324450	137	0.861314	0.106140	863	0.324450	0.398000	0.383184	
823	0.268530	177	0.920904	0.106140	823	0.268530	0.384000	0.383187	
826	0.325666	174	0.839080	0.106140	826	0.325666	0.415000	0.383280	
864	0.380787	136	0.801471	0.106140	864	0.380787	0.438000	0.383439	
863	0.253766	137	0.941606	0.106140	863	0.253766	0.348000	0.383336	
843	0.311981	157	0.866242	0.106140	843	0.311981	0.399000	0.383381	
844	0.319905	156	0.865385	0.106140	844	0.319905	0.405000	0.383444	
857	0.327888	143	0.804196	0.106140	857	0.327888	0.396000	0.383480	
839	0.297974	161	0.819876	0.106140	839	0.297974	0.382000	0.383476	
814	0.273956	186	0.876344	0.106140	814	0.273956	0.386000	0.383483	
836	0.303828	164	0.853659	0.106140	836	0.303828	0.394000	0.383513	
838	0.263723	162	0.901235	0.106140	838	0.263723	0.367000	0.383466	
831	0.246691	169	0.810651	0.106140	831	0.246691	0.342000	0.383348	
808	0.285891	192	0.869792	0.106140	808	0.285891	0.398000	0.383390	
852	0.285211	148	0.804054	0.106140	852	0.285211	0.362000	0.383329	
832	0.287260	168	0.892857	0.106140	832	0.287260	0.389000	0.383345	
836	0.257177	164	0.945122	0.106140	836	0.257177	0.370000	0.383308	
829	0.283474	171	0.871345	0.106140	829	0.283474	0.384000	0.383310	
836	0.301435	164	0.890244	0.106140	836	0.301435	0.398000	0.383351	
848	0.395047	152	0.868421	0.106140	848	0.395047	0.467000	0.383584	
832	0.322115	168	0.851190	0.106140	832	0.322115	0.411000	0.383660	
824	0.302184	176	0.886364	0.106140	824	0.302184	0.405000	0.383719	
837	0.274791	163	0.846626	0.106140	837	0.274791	0.368000	0.383676	
835	0.247904	165	0.884848	0.106140	835	0.247904	0.353000	0.383591	
833	0.290516	167	0.862275	0.106140	833	0.290516	0.386000	0.383598	
828	0.333333	172	0.802326	0.106140	828	0.333333	0.414000	0.383681	
841	0.288942	159	0.880503	0.106140	841	0.288942	0.383000	0.383679	
832	0.219952	168	0.875000	0.106140	832	0.219952	0.330000	0.383533	
795	0.238994	205	0.887805	0.106140	795	0.238994	0.372000	0.383502	
835	0.219162	165	0.800000	0.106140	835	0.219162	0.315000	0.383316	
837	0.191159	163	0.865031	0.106140	837	0.191159	0.301000	0.383094	
818	0.332518	182	0.912088	0.065400	818	0.332518	0.438000	0.383242	
834	0.382494	166	0.801205	0.065400	834	0.382494	0.452000	0.383426	
824	0.394417	176	0.897727	0.065400	824	0.394417	0.483000	0.383693	
809	0.462299	191	0.895288	0.065400	809	0.462299	0.545000	0.384125	
824	0.185680	176	0.846591	0.126874	824	0.185680	0.302000	0.383906	
836	0.218900	164	0.865854	0.118053	836	0.218900	0.325000	0.383749	
843	0.231317	157	0.859873	0.118053	843	0.231317	0.330000	0.383606	
834	0.302158	166	0.867470	0.118053	834	0.302158	0.396000	0.383639	
835	0.201198	165	0.933333	0.118053	835	0.201198	0.322000	0.383477	
816	0.241422	184	0.891304	0.118053	816	0.241422	0.361000	0.383417	
823	0.308627	177	0.932203	0.118053	823	0.308627	0.419000	0.383511	
835	0.214371	165	0.884848	0.118053	835	0.214371	0.325000	0.383358	
838	0.286396	162	0.864198	0.118053	838	0.286396	0.380000	0.383349	
843	0.227758	157	0.904459	0.118053	843	0.227758	0.334000	0.383220	
828	0.265700	172	0.813953	0.118053	828	0.265700	0.360000	0.383160	
813	0.189422	187	0.834225	0.118053	813	0.189422	0.310000	0.382971	
825	0.409697	175	0.885714	0.060446	825	0.409697	0.493000	0.383255	
815	0.164417	185	0.870270	0.115741	815	0.164417	0.295000	0.383027	
812	0.194581	188	0.904255	0.107241	812	0.194581	0.328000	0.382886	
815	0.260123	185	0.929730	0.106075	815	0.260123	0.384000	0.382889	
820	0.309756	180	0.822222	0.106075	820	0.309756	0.402000	0.382938	
813	0.296433	187	0.893048	0.106075	813	0.296433	0.408000	0.383002	
815	0.279755	185	0.859459	0.106075	815	0.279755	0.387000	0.383012	
843	0.277580	157	0.872611	0.106075	843	0.277580	0.371000	0.382981	
832	0.286058	168	0.892857	0.106075	832	0.286058	0.388000	0.382994	
825	0.341818	175	0.782857	0.106075	825	0.341818	0.419000	0.383085	
845	0.356213	155	0.845161	0.106075	845	0.356213	0.432000	0.383208	
831	0.280385	169	0.846154	0.106075	831	0.280385	0.376000	0.383190	
795	0.393711	205	0.926829	0.106075	795	0.393711	0.503000	0.383490	
803	0.320050	197	0.837563	0.106075	803	0.320050	0.422000	0.383587	
838	0.305489	162	0.814815	0.106075	838	0.305489	0.388000	0.383598	
817	0.337821	183	0.841530	0.106075	817	0.337821	0.430000	0.383713	
816	0.355392	184	0.885870	0.106075	816	0.355392	0.453000	0.383885	
816	0.377451	184	0.826087	0.106075	816	0.377451	0.460000	0.384073	
844	0.276066	156	0.878205	0.106075	844	0.276066	0.370000	0.384039	
830	0.267470	170	0.841176	0.106075	830	0.267470	0.365000	0.383992	
818	0.238386	182	0.895604	0.106075	818	0.238386	0.358000	0.383928	
827	0.241838	173	0.867052	0.106075	827	0.241838	0.350000	0.383845	
825	0.233939	175	0.891429	0.106075	825	0.233939	0.349000	0.383759	
828	0.204106	172	0.883721	0.106075	828	0.204106	0.321000	0.383606	
825	0.299394	175	0.845714	0.106075	825	0.299394	0.395000	0.383634	
833	0.324130	167	0.820359	0.106075	833	0.324130	0.407000	0.383691	
828	0.349034	172	0.790698	0.106075	828	0.349034	0.425000	0.383791	
818	0.363081	182	0.868132	0.106075	818	0.363081	0.455000	0.383963	
826	0.282082	174	0.850575	0.106075	826	0.282082	0.381000	0.383956	
828	0.361111	172	0.854651	0.106075	828	0.361111	0.446000	0.384105	
811	0.310727	189	0.883598	0.106075	811	0.310727	0.419000	0.384189	
828	0.328502	172	0.877907	0.106075	828	0.328502	0.423000	0.384281	
811	0.369914	189	0.867725	0.106075	811	0.369914	0.464000	0.384472	
822	0.356448	178	0.820225	0.106075	822	0.356448	0.439000	0.384601	
839	0.252682	161	0.894410	0.106075	839	0.252682	0.356000	0.384534	
817	0.231334	183	0.885246	0.106075	817	0.231334	0.351000	0.384454	
830	0.274699	170	0.835294	0.106075	830	0.274699	0.370000	0.384420	
824	0.246359	176	0.863636	0.106075	824	0.246359	0.355000	0.384351	
835	0.253892	165	0.854545	0.106075	835	0.253892	0.353000	0.384277	
833	0.261705	167	0.844311	0.106075	833	0.261705	0.359000	0.384217	
827	0.216445	173	0.849711	0.106075	827	0.216445	0.326000	0.384081	
827	0.262394	173	0.872832	0.106075	827	0.262394	0.368000	0.384043	
809	0.236094	191	0.853403	0.106075	809	0.236094	0.354000	0.383973	
832	0.272837	168	0.815476	0.106075	832	0.272837	0.364000	0.383927	
831	0.279182	169	0.804734	0.106075	831	0.279182	0.368000	0.383890	
837	0.301075	163	0.895706	0.106075	837	0.301075	0.398000	0.383923	
823	0.174970	177	0.785311	0.106075	823	0.174970	0.283000	0.383690	
824	0.293689	176	0.886364	0.086486	824	0.293689	0.398000	0.383723	
790	0.337975	210	0.861905	0.086486	790	0.337975	0.448000	0.383870	
819	0.374847	181	0.878453	0.086486	819	0.374847	0.466000	0.384059	
829	0.369119	171	0.847953	0.086486	829	0.369119	0.451000	0.384212	
833	0.333733	167	0.856287	0.086486	833	0.333733	0.421000	0.384296	
814	0.428747	186	0.881720	0.086486	814	0.428747	0.513000	0.384589	
817	0.323133	183	0.885246	0.116695	817	0.323133	0.426000	0.384683	
840	0.323810	160	0.887500	0.116695	840	0.323810	0.414000	0.384750	
846	0.212766	154	0.863636	0.116695	846	0.212766	0.313000	0.384587	
850	0.255294	150	0.913333	0.116695	850	0.255294	0.354000	0.384518	
849	0.239105	151	0.867550	0.116695	849	0.239105	0.334000	0.384405	
844	0.234597	156	0.814103	0.116695	844	0.234597	0.325000	0.384271	
837	0.285544	163	0.883436	0.116695	837	0.285544	0.383000	0.384268	
821	0.337393	179	0.893855	0.116695	821	0.337393	0.437000	0.384386	
811	0.219482	189	0.867725	0.116695	811	0.219482	0.342000	0.384292	
806	0.279156	194	0.850515	0.116695	806	0.279156	0.390000	0.384304	
833	0.308523	167	0.832335	0.116695	833	0.308523	0.396000	0.384330	
829	0.268999	171	0.883041	0.116695	829	0.268999	0.374000	0.384307	
825	0.232727	175	0.811429	0.116695	825	0.232727	0.334000	0.384196	
822	0.272506	178	0.882022	0.116695	822	0.272506	0.381000	0.384189	
822	0.257908	178	0.876404	0.116695	822	0.257908	0.368000	0.384153	
816	0.276961	184	0.836957	0.116695	816	0.276961	0.380000	0.384144	
807	0.237918	193	0.823834	0.116695	807	0.237918	0.351000	0.384072	
823	0.266100	177	0.870056	0.116695	823	0.266100	0.373000	0.384047	
823	0.235723	177	0.915254	0.116695	823	0.235723	0.356000	0.383986	
823	0.283111	177	0.802260	0.116695	823	0.283111	0.375000	0.383966	
828	0.328502	172	0.906977	0.116695	828	0.328502	0.428000	0.384062	
841	0.230678	159	0.899371	0.116695	841	0.230678	0.337000	0.383960	
841	0.254459	159	0.886792	0.116695	841	0.254459	0.355000	0.383897	
833	0.282113	167	0.862275	0.116695	833	0.282113	0.379000	0.383887	
826	0.248184	174	0.925287	0.116695	826	0.248184	0.366000	0.383848	
845	0.252071	155	0.903226	0.116695	845	0.252071	0.353000	0.383782	
843	0.220641	157	0.859873	0.116695	843	0.220641	0.321000	0.383647	
824	0.274272	176	0.897727	0.116695	824	0.274272	0.384000	0.383648	
840	0.266667	160	0.837500	0.116695	840	0.266667	0.358000	0.383593	
859	0.270081	141	0.886525	0.116695	859	0.270081	0.357000	0.383536	
818	0.242054	182	0.879121	0.116695	818	0.242054	0.358000	0.383482	
836	0.315789	164	0.896341	0.116695	836	0.315789	0.411000	0.383541	
817	0.298654	183	0.743169	0.116695	817	0.298654	0.380000	0.383533	
821	0.241169	179	0.882682	0.116695	821	0.241169	0.356000	0.383475	
811	0.244143	189	0.867725	0.116695	811	0.244143	0.362000	0.383430	
814	0.270270	186	0.903226	0.116695	814	0.270270	0.388000	0.383439	
836	0.240431	164	0.829268	0.116695	836	0.240431	0.337000	0.383342	
812	0.280788	188	0.893617	0.116695	812	0.280788	0.396000	0.383368	
820	0.365854	180	0.894444	0.116695	820	0.365854	0.461000	0.383531	
818	0.289731	182	0.868132	0.116695	818	0.289731	0.395000	0.383555	
850	0.275294	150	0.860000	0.116695	850	0.275294	0.363000	0.383512	
833	0.249700	167	0.922156	0.116695	833	0.249700	0.362000	0.383467	
805	0.283230	195	0.841026	0.116695	805	0.283230	0.392000	0.383485	
795	0.262893	205	0.839024	0.116695	795	0.262893	0.381000	0.383480	
798	0.281955	202	0.861386	0.116695	798	0.281955	0.399000	0.383512	
833	0.274910	167	0.844311	0.116695	833	0.274910	0.370000	0.383484	
833	0.302521	167	0.892216	0.116695	833	0.302521	0.401000	0.383520	
822	0.272506	178	0.820225	0.116695	822	0.272506	0.370000	0.383492	
811	0.266338	189	0.841270	0.116695	811	0.266338	0.375000	0.383475	
846	0.208038	154	0.889610	0.116695	846	0.208038	0.313000	0.383331	
835	0.297006	165	0.848485	0.116695	835	0.297006	0.388000	0.383340	
839	0.253874	161	0.888199	0.116695	839	0.253874	0.356000	0.383284	
847	0.227863	153	0.830065	0.116695	847	0.227863	0.320000	0.383156	
836	0.251196	164	0.847561	0.116695	836	0.251196	0.349000	0.383086	
820	0.258537	180	0.938889	0.116695	820	0.258537	0.381000	0.383082	
844	0.331754	156	0.833333	0.116695	844	0.331754	0.410000	0.383137	
842	0.295724	158	0.816456	0.116695	842	0.295724	0.378000	0.383126	
824	0.281553	176	0.857955	0.116695	824	0.281553	0.383000	0.383126	
837	0.223417	163	0.852761	0.116695	837	0.223417	0.326000	0.383011	
828	0.269324	172	0.773256	0.116695	828	0.269324	0.356000	0.382957	
829	0.281062	171	0.883041	0.116695	829	0.281062	0.384000	0.382959	
823	0.211422	177	0.847458	0.116695	823	0.211422	0.324000	0.382842	
804	0.175373	196	0.897959	0.116695	804	0.175373	0.317000	0.382710	
822	0.299270	178	0.898876	0.113039	822	0.299270	0.406000	0.382757	
824	0.207524	176	0.835227	0.113039	824	0.207524	0.318000	0.382628	
823	0.246659	177	0.887006	0.113039	823	0.246659	0.360000	0.382583	
836	0.190191	164	0.804878	0.113039	836	0.190191	0.291000	0.382402	
828	0.202899	172	0.825581	0.109849	828	0.202899	0.310000	0.382260	
838	0.155131	162	0.833333	0.109849	838	0.155131	0.265000	0.382029	
859	0.396973	141	0.879433	0.073316	859	0.396973	0.465000	0.382192	
842	0.406176	158	0.867089	0.073316	842	0.406176	0.479000	0.382382	
836	0.240431	164	0.853659	0.127042	836	0.240431	0.341000	0.382301	
840	0.211905	160	0.818750	0.127042	840	0.211905	0.309000	0.382157	
860	0.201163	140	0.835714	0.127042	860	0.201163	0.290000	0.381978	
832	0.162260	168	0.857143	0.127042	832	0.162260	0.279000	0.381777	
818	0.210269	182	0.901099	0.110446	818	0.210269	0.336000	0.381689	
801	0.330836	199	0.879397	0.110446	801	0.330836	0.440000	0.381802	
818	0.309291	182	0.884615	0.110446	818	0.309291	0.414000	0.381864	
818	0.250611	182	0.862637	0.110446	818	0.250611	0.362000	0.381826	
839	0.234803	161	0.857143	0.110446	839	0.234803	0.335000	0.381735	
811	0.282367	189	0.873016	0.110446	811	0.282367	0.394000	0.381759	
838	0.251790	162	0.864198	0.110446	838	0.251790	0.351000	0.381700	
827	0.304716	173	0.867052	0.110446	827	0.304716	0.402000	0.381739	
836	0.210526	164	0.908537	0.110446	836	0.210526	0.325000	0.381630	
836	0.315789	164	0.865854	0.110446	836	0.315789	0.406000	0.381677	
812	0.300493	188	0.893617	0.110446	812	0.300493	0.412000	0.381735	
827	0.322854	173	0.913295	0.110446	827	0.322854	0.425000	0.381817	
806	0.261787	194	0.793814	0.110446	806	0.261787	0.365000	0.381785	
832	0.242788	168	0.839286	0.110446	832	0.242788	0.343000	0.381711	
825	0.304242	175	0.811429	0.110446	825	0.304242	0.393000	0.381733	
844	0.284360	156	0.833333	0.110446	844	0.284360	0.370000	0.381711	
826	0.342615	174	0.896552	0.110446	826	0.342615	0.439000	0.381818	
854	0.266979	146	0.828767	0.110446	854	0.266979	0.349000	0.381757	
829	0.227986	171	0.836257	0.110446	829	0.227986	0.332000	0.381663	
827	0.235792	173	0.861272	0.110446	827	0.235792	0.344000	0.381593	
841	0.240190	159	0.798742	0.110446	841	0.240190	0.329000	0.381495	
812	0.261084	188	0.867021	0.110446	812	0.261084	0.375000	0.381482	
818	0.323961	182	0.835165	0.110446	818	0.323961	0.417000	0.381549	
821	0.285018	179	0.821229	0.110446	821	0.285018	0.381000	0.381548	
819	0.250305	181	0.861878	0.110446	819	0.250305	0.361000	0.381509	
828	0.304348	172	0.883721	0.110446	828	0.304348	0.404000	0.381551	
836	0.309809	164	0.884146	0.110446	836	0.309809	0.404000	0.381593	
829	0.240048	171	0.894737	0.110446	829	0.240048	0.352000	0.381538	
816	0.264706	184	0.929348	0.110446	816	0.264706	0.387000	0.381548	
830	0.260241	170	0.929412	0.110446	830	0.260241	0.374000	0.381534	
814	0.321867	186	0.870968	0.110446	814	0.321867	0.424000	0.381612	
824	0.259709	176	0.857955	0.110446	824	0.259709	0.365000	0.381582	
794	0.277078	206	0.854369	0.110446	794	0.277078	0.396000	0.381608	
831	0.282792	169	0.875740	0.110446	831	0.282792	0.383000	0.381611	
822	0.227494	178	0.837079	0.110446	822	0.227494	0.336000	0.381528	
842	0.324228	158	0.867089	0.110446	842	0.324228	0.410000	0.381579	
835	0.314970	165	0.878788	0.110446	835	0.314970	0.408000	0.381627	
828	0.269324	172	0.930233	0.110446	828	0.269324	0.383000	0.381630	
840	0.304762	160	0.881250	0.110446	840	0.304762	0.397000	0.381658	
829	0.155609	171	0.865497	0.110446	829	0.155609	0.277000	0.381469	
835	0.301796	165	0.842424	0.091547	835	0.301796	0.391000	0.381486	
835	0.398802	165	0.903030	0.091547	835	0.398802	0.482000	0.381667	
833	0.309724	167	0.832335	0.091547	833	0.309724	0.397000	0.381694	
808	0.386139	192	0.875000	0.091547	808	0.386139	0.480000	0.381870	
838	0.356802	162	0.839506	0.091547	838	0.356802	0.435000	0.381965	
811	0.279901	189	0.798942	0.091547	811	0.279901	0.378000	0.381958	
841	0.272295	159	0.886792	0.091547	841	0.272295	0.370000	0.381937	
821	0.328867	179	0.893855	0.091547	821	0.328867	0.430000	0.382022	
842	0.298100	158	0.822785	0.091547	842	0.298100	0.381000	0.382021	
827	0.295042	173	0.838150	0.091547	827	0.295042	0.389000	0.382033	
829	0.261761	171	0.894737	0.091547	829	0.261761	0.370000	0.382012	
847	0.289256	153	0.862745	0.091547	847	0.289256	0.377000	0.382003	
827	0.290206	173	0.832370	0.091547	827	0.290206	0.384000	0.382006	
842	0.294537	158	0.892405	0.091547	842	0.294537	0.389000	0.382019	
834	0.318945	166	0.849398	0.091547	834	0.318945	0.407000	0.382063	
819	0.278388	181	0.911602	0.091547	819	0.278388	0.393000	0.382082	
842	0.357482	158	0.810127	0.091547	842	0.357482	0.429000	0.382164	
837	0.255675	163	0.822086	0.091547	837	0.255675	0.348000	0.382104	
845	0.250888	155	0.864516	0.091547	845	0.250888	0.346000	0.382041	
831	0.379061	169	0.816568	0.091547	831	0.379061	0.453000	0.382165	
838	0.360382	162	0.858025	0.091547	838	0.360382	0.441000	0.382267	
822	0.244526	178	0.870787	0.091547	822	0.244526	0.356000	0.382222	
825	0.344242	175	0.857143	0.091547	825	0.344242	0.434000	0.382311	
838	0.387828	162	0.802469	0.091547	838	0.387828	0.455000	0.382437	
827	0.316808	173	0.872832	0.091547	827	0.316808	0.413000	0.382490	
835	0.370060	165	0.915152	0.091547	835	0.370060	0.460000	0.382623	
858	0.340326	142	0.816901	0.091547	858	0.340326	0.408000	0.382667	
818	0.222494	182	0.879121	0.091547	818	0.222494	0.342000	0.382597	
850	0.317647	150	0.813333	0.091547	850	0.317647	0.392000	0.382613	
812	0.390394	188	0.872340	0.091547	812	0.390394	0.481000	0.382782	
841	0.331748	159	0.805031	0.091547	841	0.331748	0.407000	0.382823	
821	0.344702	179	0.916201	0.091547	821	0.344702	0.447000	0.382933	
815	0.252761	185	0.827027	0.091547	815	0.252761	0.359000	0.382892	
842	0.289786	158	0.873418	0.091547	842	0.289786	0.382000	0.382891	
842	0.255344	158	0.917722	0.091547	842	0.255344	0.360000	0.382852	
841	0.269917	159	0.855346	0.091547	841	0.269917	0.363000	0.382818	
833	0.296519	167	0.838323	0.091547	833	0.296519	0.387000	0.382825	
839	0.278903	161	0.863354	0.091547	839	0.278903	0.373000	0.382808	
835	0.382036	165	0.854545	0.091547	835	0.382036	0.460000	0.382939	
839	0.390942	161	0.850932	0.091547	839	0.390942	0.465000	0.383077	
839	0.225268	161	0.857143	0.091547	839	0.225268	0.327000	0.382983	
851	0.408931	149	0.805369	0.091547	851	0.408931	0.468000	0.383125	
831	0.110710	169	0.899408	0.121663	831	0.110710	0.244000	0.382892	
839	0.413588	161	0.869565	0.074022	839	0.413588	0.487000	0.383066	
837	0.167264	163	0.828221	0.103539	837	0.167264	0.275000	0.382886	
833	0.517407	167	0.898204	0.061234	833	0.517407	0.581000	0.383216	
835	0.407186	165	0.890909	0.076827	835	0.407186	0.487000	0.383389	
812	0.330049	188	0.925532	0.092656	812	0.330049	0.442000	0.383486	
827	0.396614	173	0.861272	0.092656	827	0.396614	0.477000	0.383641	
817	0.332925	183	0.841530	0.092656	817	0.332925	0.426000	0.383711	
847	0.330579	153	0.862745	0.092656	847	0.330579	0.412000	0.383758	
845	0.263905	155	0.858065	0.092656	845	0.263905	0.356000	0.383712	
836	0.269139	164	0.835366	0.092656	836	0.269139	0.362000	0.383676	
844	0.348341	156	0.858974	0.092656	844	0.348341	0.428000	0.383749	
839	0.307509	161	0.881988	0.092656	839	0.307509	0.400000	0.383776	
837	0.320191	163	0.871166	0.092656	837	0.320191	0.410000	0.383819	
829	0.463209	171	0.853801	0.092656	829	0.463209	0.530000	0.384058	
831	0.259928	169	0.875740	0.111350	831	0.259928	0.364000	0.384026	
838	0.215990	162	0.864198	0.111350	838	0.215990	0.321000	0.383923	
848	0.284198	152	0.822368	0.111350	848	0.284198	0.366000	0.383894	
819	0.255189	181	0.784530	0.111350	819	0.255189	0.351000	0.383840	
834	0.219424	166	0.921687	0.111350	834	0.219424	0.336000	0.383762	
832	0.209135	168	0.815476	0.111350	832	0.209135	0.311000	0.383644	
828	0.183575	172	0.877907	0.111350	828	0.183575	0.303000	0.383514	
841	0.298454	159	0.905660	0.095458	841	0.298454	0.395000	0.383532	
848	0.363208	152	0.881579	0.095458	848	0.363208	0.442000	0.383627	
821	0.345920	179	0.854749	0.095458	821	0.345920	0.437000	0.383713	
851	0.310223	149	0.859060	0.095458	851	0.310223	0.392000	0.383726	
821	0.323995	179	0.877095	0.095458	821	0.323995	0.423000	0.383789	
834	0.347722	166	0.855422	0.095458	834	0.347722	0.432000	0.383866	
828	0.286232	172	0.866279	0.095458	828	0.286232	0.386000	0.383870	
841	0.311534	159	0.930818	0.095458	841	0.311534	0.410000	0.383912	
845	0.218935	155	0.883871	0.095458	845	0.218935	0.322000	0.383813	
854	0.304450	146	0.815068	0.095458	854	0.304450	0.379000	0.383805	
837	0.268817	163	0.901840	0.095458	837	0.268817	0.372000	0.383786	
824	0.376214	176	0.852273	0.095458	824	0.376214	0.460000	0.383907	
828	0.222222	172	0.854651	0.095458	828	0.222222	0.331000	0.383823	
807	0.313507	193	0.865285	0.095458	807	0.313507	0.420000	0.383881	
835	0.280240	165	0.854545	0.095458	835	0.280240	0.375000	0.383867	
818	0.293399	182	0.901099	0.095458	818	0.293399	0.404000	0.383898	
831	0.339350	169	0.875740	0.095458	831	0.339350	0.430000	0.383971	
837	0.309438	163	0.877301	0.095458	837	0.309438	0.402000	0.383999	
829	0.322075	171	0.836257	0.095458	829	0.322075	0.410000	0.384040	
830	0.263855	170	0.847059	0.095458	830	0.263855	0.363000	0.384007	
829	0.316043	171	0.812865	0.095458	829	0.316043	0.401000	0.384034	
816	0.247549	184	0.798913	0.095458	816	0.247549	0.349000	0.383979	
830	0.290361	170	0.882353	0.095458	830	0.290361	0.391000	0.383990	
829	0.229192	171	0.871345	0.095458	829	0.229192	0.339000	0.383920	
831	0.340554	169	0.852071	0.095458	831	0.340554	0.427000	0.383987	
853	0.335287	147	0.857143	0.095458	853	0.335287	0.412000	0.384030	
831	0.340554	169	0.881657	0.095458	831	0.340554	0.432000	0.384105	
836	0.303828	164	0.810976	0.095458	836	0.303828	0.387000	0.384109	
821	0.257004	179	0.865922	0.095458	821	0.257004	0.366000	0.384081	
828	0.258454	172	0.901163	0.095458	828	0.258454	0.369000	0.384058	
822	0.321168	178	0.865169	0.095458	822	0.321168	0.418000	0.384110	
844	0.411137	156	0.826923	0.095458	844	0.411137	0.476000	0.384252	
856	0.137850	144	0.902778	0.181466	856	0.137850	0.248000	0.384042	
848	0.281840	152	0.848684	0.147766	848	0.281840	0.368000	0.384018	
839	0.246722	161	0.875776	0.147766	839	0.246722	0.348000	0.383963	
820	0.208537	180	0.883333	0.147766	820	0.208537	0.330000	0.383880	
833	0.222089	167	0.874251	0.147766	833	0.222089	0.331000	0.383799	
805	0.228571	195	0.933333	0.147766	805	0.228571	0.366000	0.383772	
857	0.208868	143	0.881119	0.147766	857	0.208868	0.305000	0.383652	
830	0.167470	170	0.858824	0.147766	830	0.167470	0.285000	0.383502	
836	0.293062	164	0.853659	0.108442	836	0.293062	0.385000	0.383505	
829	0.291918	171	0.853801	0.108442	829	0.291918	0.388000	0.383512	
829	0.289505	171	0.853801	0.108442	829	0.289505	0.386000	0.383515	
826	0.227603	174	0.844828	0.108442	826	0.227603	0.335000	0.383442	
837	0.332139	163	0.852761	0.108442	837	0.332139	0.417000	0.383493	
827	0.292624	173	0.913295	0.108442	827	0.292624	0.400000	0.383517	
837	0.224612	163	0.901840	0.108442	837	0.224612	0.335000	0.383445	
818	0.306846	182	0.807692	0.108442	818	0.306846	0.398000	0.383466	
822	0.253041	178	0.837079	0.108442	822	0.253041	0.357000	0.383427	
841	0.253270	159	0.867925	0.108442	841	0.253270	0.351000	0.383378	
814	0.287469	186	0.838710	0.108442	814	0.287469	0.390000	0.383388	
829	0.302774	171	0.853801	0.108442	829	0.302774	0.397000	0.383408	
822	0.273723	178	0.870787	0.108442	822	0.273723	0.380000	0.383403	
838	0.315036	162	0.888889	0.108442	838	0.315036	0.408000	0.383440	
844	0.238152	156	0.884615	0.108442	844	0.238152	0.339000	0.383374	
844	0.356635	156	0.884615	0.108442	844	0.356635	0.439000	0.383456	
852	0.320423	148	0.891892	0.108442	852	0.320423	0.405000	0.383488	
839	0.340882	161	0.881988	0.108442	839	0.340882	0.428000	0.383554	
839	0.243147	161	0.844720	0.108442	839	0.243147	0.340000	0.383490	
828	0.268116	172	0.860465	0.108442	828	0.268116	0.370000	0.383470	
826	0.228814	174	0.844828	0.108442	826	0.228814	0.336000	0.383400	
830	0.300000	170	0.852941	0.108442	830	0.300000	0.394000	0.383416	
809	0.318912	191	0.879581	0.108442	809	0.318912	0.426000	0.383478	
825	0.286061	175	0.891429	0.108442	825	0.286061	0.392000	0.383491	
834	0.320144	166	0.855422	0.108442	834	0.320144	0.409000	0.383528	
830	0.351807	170	0.870588	0.108442	830	0.351807	0.440000	0.383611	
834	0.254197	166	0.837349	0.108442	834	0.254197	0.351000	0.383563	
845	0.299408	155	0.858065	0.108442	845	0.299408	0.386000	0.383566	
803	0.287671	197	0.857868	0.108442	803	0.287671	0.400000	0.383590	
827	0.324063	173	0.919075	0.108442	827	0.324063	0.427000	0.383654	
812	0.261084	188	0.861702	0.108442	812	0.261084	0.374000	0.383640	
822	0.237226	178	0.870787	0.108442	822	0.237226	0.350000	0.383591	
814	0.286241	186	0.892473	0.108442	814	0.286241	0.399000	0.383613	
827	0.249093	173	0.919075	0.108442	827	0.249093	0.365000	0.383586	
830	0.257831	170	0.852941	0.108442	830	0.257831	0.359000	0.383551	
807	0.306072	193	0.901554	0.108442	807	0.306072	0.421000	0.383605	
823	0.339004	177	0.858757	0.108442	823	0.339004	0.431000	0.383673	
808	0.289604	192	0.859375	0.108442	808	0.289604	0.399000	0.383695	
810	0.293827	190	0.905263	0.108442	810	0.293827	0.410000	0.383733	
805	0.306832	195	0.748718	0.108442	805	0.306832	0.393000	0.383746	
837	0.289128	163	0.834356	0.108442	837	0.289128	0.378000	0.383738	
803	0.330012	197	0.847716	0.108442	803	0.330012	0.432000	0.383807	
855	0.353216	145	0.889655	0.108442	855	0.353216	0.431000	0.383874	
839	0.286055	161	0.881988	0.108442	839	0.286055	0.382000	0.383871	
837	0.283154	163	0.871166	0.108442	837	0.283154	0.379000	0.383864	
838	0.331742	162	0.858025	0.108442	838	0.331742	0.417000	0.383911	
842	0.294537	158	0.848101	0.108442	842	0.294537	0.382000	0.383909	
845	0.339645	155	0.922581	0.108442	845	0.339645	0.430000	0.383974	
843	0.306050	157	0.815287	0.108442	843	0.306050	0.386000	0.383977	
829	0.271411	171	0.865497	0.108442	829	0.271411	0.373000	0.383961	
844	0.219194	156	0.820513	0.108442	844	0.219194	0.313000	0.383861	
836	0.228469	164	0.896341	0.108442	836	0.228469	0.338000	0.383797	
799	0.267835	201	0.880597	0.108442	799	0.267835	0.391000	0.383807	
813	0.265683	187	0.818182	0.108442	813	0.265683	0.369000	0.383786	
794	0.186398	206	0.888350	0.108442	794	0.186398	0.331000	0.383712	
834	0.250600	166	0.843373	0.093192	834	0.250600	0.349000	0.383663	
801	0.323346	199	0.814070	0.093192	801	0.323346	0.421000	0.383716	
833	0.339736	167	0.880240	0.093192	833	0.339736	0.430000	0.383780	
820	0.350000	180	0.866667	0.093192	820	0.350000	0.443000	0.383863	
804	0.320896	196	0.826531	0.093192	804	0.320896	0.420000	0.383913	
808	0.257426	192	0.776042	0.093192	808	0.257426	0.357000	0.383876	
811	0.308261	189	0.835979	0.093192	811	0.308261	0.408000	0.383909	
831	0.271961	169	0.810651	0.093192	831	0.271961	0.363000	0.383880	
827	0.313180	173	0.890173	0.093192	827	0.313180	0.413000	0.383921	
841	0.236623	159	0.893082	0.093192	841	0.236623	0.341000	0.383861	
841	0.393579	159	0.849057	0.093192	841	0.393579	0.466000	0.383975	
828	0.317633	172	0.895349	0.093192	828	0.317633	0.417000	0.384020	
827	0.368803	173	0.855491	0.093192	827	0.368803	0.453000	0.384115	
863	0.410197	137	0.868613	0.093192	863	0.410197	0.473000	0.384237	
833	0.243697	167	0.868263	0.116944	833	0.243697	0.348000	0.384188	
810	0.304938	190	0.900000	0.116944	810	0.304938	0.418000	0.384234	
840	0.232143	160	0.850000	0.116944	840	0.232143	0.331000	0.384161	
818	0.235941	182	0.840659	0.116944	818	0.235941	0.346000	0.384109	
825	0.246061	175	0.851429	0.116944	825	0.246061	0.352000	0.384065	
832	0.311298	168	0.839286	0.116944	832	0.311298	0.400000	0.384087	
844	0.228673	156	0.884615	0.116944	844	0.228673	0.331000	0.384014	
837	0.278375	163	0.920245	0.116944	837	0.278375	0.383000	0.384013	
826	0.248184	174	0.827586	0.116944	826	0.248184	0.349000	0.383966	
853	0.252052	147	0.795918	0.116944	853	0.252052	0.332000	0.383895	
817	0.297430	183	0.901639	0.116944	817	0.297430	0.408000	0.383928	
825	0.258182	175	0.868571	0.116944	825	0.258182	0.365000	0.383902	
857	0.253209	143	0.811189	0.116944	857	0.253209	0.333000	0.383833	
825	0.266667	175	0.851429	0.116944	825	0.266667	0.369000	0.383813	
835	0.271856	165	0.915152	0.116944	835	0.271856	0.378000	0.383805	
851	0.239718	149	0.771812	0.116944	851	0.239718	0.319000	0.383718	
812	0.323892	188	0.888298	0.116944	812	0.323892	0.430000	0.383780	
841	0.225922	159	0.823899	0.116944	841	0.225922	0.321000	0.383696	
819	0.272283	181	0.878453	0.116944	819	0.272283	0.382000	0.383694	
801	0.305868	199	0.859296	0.116944	801	0.305868	0.416000	0.383737	
837	0.221027	163	0.828221	0.116944	837	0.221027	0.320000	0.383652	
823	0.335358	177	0.841808	0.116944	823	0.335358	0.425000	0.383707	
818	0.145477	182	0.879121	0.116944	818	0.145477	0.279000	0.383567	
838	0.356802	162	0.895062	0.094668	838	0.356802	0.444000	0.383648	
806	0.263027	194	0.881443	0.094668	806	0.263027	0.383000	0.383647	
833	0.324130	167	0.838323	0.094668	833	0.324130	0.410000	0.383682	
818	0.297066	182	0.868132	0.094668	818	0.297066	0.401000	0.383705	
799	0.271589	201	0.875622	0.094668	799	0.271589	0.393000	0.383717	
841	0.311534	159	0.861635	0.094668	841	0.311534	0.399000	0.383738	
838	0.329356	162	0.839506	0.094668	838	0.329356	0.412000	0.383775	
845	0.289941	155	0.890323	0.094668	845	0.289941	0.383000	0.383774	
836	0.290670	164	0.884146	0.094668	836	0.290670	0.388000	0.383779	
838	0.361575	162	0.839506	0.094668	838	0.361575	0.439000	0.383852	
838	0.347255	162	0.870370	0.094668	838	0.347255	0.432000	0.383915	
828	0.315217	172	0.837209	0.094668	828	0.315217	0.405000	0.383943	
836	0.272727	164	0.878049	0.094668	836	0.272727	0.372000	0.383927	
823	0.382746	177	0.853107	0.094668	823	0.382746	0.466000	0.384035	
816	0.318627	184	0.875000	0.094668	816	0.318627	0.421000	0.384083	
837	0.323775	163	0.828221	0.094668	837	0.323775	0.406000	0.384112	
809	0.396786	191	0.884817	0.094668	809	0.396786	0.490000	0.384250	
830	0.328916	170	0.852941	0.094668	830	0.328916	0.418000	0.384294	
846	0.329787	154	0.798701	0.094668	846	0.329787	0.402000	0.384317	
839	0.312277	161	0.857143	0.094668	839	0.312277	0.400000	0.384337	
825	0.358788	175	0.828571	0.094668	825	0.358788	0.441000	0.384411	
846	0.295508	154	0.831169	0.094668	846	0.295508	0.378000	0.384402	
850	0.325882	150	0.846667	0.094668	850	0.325882	0.404000	0.384428	
822	0.349148	178	0.859551	0.094668	822	0.349148	0.440000	0.384500	
838	0.369928	162	0.845679	0.094668	838	0.369928	0.447000	0.384580	
817	0.279070	183	0.890710	0.094668	817	0.279070	0.391000	0.384588	
818	0.338631	182	0.868132	0.094668	818	0.338631	0.435000	0.384653	
800	0.318750	200	0.885000	0.094668	800	0.318750	0.432000	0.384714	
824	0.263350	176	0.892045	0.094668	824	0.263350	0.374000	0.384700	
833	0.320528	167	0.826347	0.094668	833	0.320528	0.405000	0.384726	
803	0.366127	197	0.837563	0.094668	803	0.366127	0.459000	0.384822	
841	0.328181	159	0.855346	0.094668	841	0.328181	0.412000	0.384856	
843	0.359431	157	0.834395	0.094668	843	0.359431	0.434000	0.384919	
820	0.308537	180	0.861111	0.094668	820	0.308537	0.408000	0.384948	
849	0.323910	151	0.927152	0.094668	849	0.323910	0.415000	0.384987	
831	0.300842	169	0.869822	0.094668	831	0.300842	0.397000	0.385002	
836	0.393541	164	0.896341	0.094668	836	0.393541	0.476000	0.385118	
828	0.359903	172	0.860465	0.094668	828	0.359903	0.446000	0.385195	
817	0.395349	183	0.852459	0.094668	817	0.395349	0.479000	0.385314	
825	0.387879	175	0.874286	0.094668	825	0.387879	0.473000	0.385425	
839	0.297974	161	0.875776	0.094668	839	0.297974	0.391000	0.385432	
803	0.310087	197	0.893401	0.094668	803	0.310087	0.425000	0.385482	
821	0.366626	179	0.899441	0.094668	821	0.366626	0.462000	0.385578	
823	0.366950	177	0.926554	0.094668	823	0.366950	0.466000	0.385680	
837	0.353644	163	0.815951	0.094668	837	0.353644	0.429000	0.385734	
834	0.358513	166	0.879518	0.094668	834	0.358513	0.445000	0.385809	
829	0.307600	171	0.830409	0.094668	829	0.307600	0.397000	0.385823	
825	0.318788	175	0.874286	0.094668	825	0.318788	0.416000	0.385860	
849	0.378092	151	0.907285	0.094668	849	0.378092	0.458000	0.385951	
849	0.309776	151	0.834437	0.094668	849	0.309776	0.389000	0.385955	
828	0.380435	172	0.802326	0.094668	828	0.380435	0.453000	0.386038	
836	0.325359	164	0.865854	0.094668	836	0.325359	0.414000	0.386073	
818	0.319071	182	0.879121	0.094668	818	0.319071	0.421000	0.386117	
846	0.296690	154	0.831169	0.094668	846	0.296690	0.379000	0.386108	
824	0.320388	176	0.818182	0.094668	824	0.320388	0.408000	0.386135	
792	0.383838	208	0.889423	0.094668	792	0.383838	0.489000	0.386263	
842	0.302850	158	0.841772	0.094668	842	0.302850	0.388000	0.386265	
841	0.361474	159	0.842767	0.094668	841	0.361474	0.438000	0.386329	
813	0.382534	187	0.860963	0.094668	813	0.382534	0.472000	0.386435	
849	0.281508	151	0.847682	0.094668	849	0.281508	0.367000	0.386411	
837	0.334528	163	0.865031	0.094668	837	0.334528	0.421000	0.386453	
830	0.350602	170	0.876471	0.094668	830	0.350602	0.440000	0.386519	
853	0.343494	147	0.850340	0.094668	853	0.343494	0.418000	0.386558	
850	0.270588	150	0.886667	0.094668	850	0.270588	0.363000	0.386529	
834	0.333333	166	0.939759	0.094668	834	0.333333	0.434000	0.386587	
851	0.404230	149	0.825503	0.094668	851	0.404230	0.467000	0.386686	
843	0.251483	157	0.917197	0.154538	843	0.251483	0.356000	0.386648	
823	0.202916	177	0.790960	0.154538	823	0.202916	0.307000	0.386551	
839	0.199046	161	0.745342	0.154538	839	0.199046	0.287000	0.386429	
815	0.277301	185	0.864865	0.109349	815	0.277301	0.386000	0.386429	
828	0.259662	172	0.883721	0.109349	828	0.259662	0.367000	0.386405	
826	0.286925	174	0.867816	0.109349	826	0.286925	0.388000	0.386407	
829	0.328106	171	0.883041	0.109349	829	0.328106	0.423000	0.386452	
844	0.233412	156	0.942308	0.109349	844	0.233412	0.344000	0.386400	
815	0.235583	185	0.881081	0.109349	815	0.235583	0.355000	0.386362	
830	0.320482	170	0.829412	0.109349	830	0.320482	0.407000	0.386387	
806	0.246898	194	0.891753	0.109349	806	0.246898	0.372000	0.386370	
841	0.307967	159	0.861635	0.109349	841	0.307967	0.396000	0.386381	
814	0.251843	186	0.924731	0.109349	814	0.251843	0.377000	0.386370	
851	0.271445	149	0.899329	0.109349	851	0.271445	0.365000	0.386344	
813	0.233702	187	0.893048	0.109349	813	0.233702	0.357000	0.386309	
843	0.226572	157	0.910828	0.109349	843	0.226572	0.334000	0.386246	
817	0.210526	183	0.863388	0.109349	817	0.210526	0.330000	0.386178	
831	0.228640	169	0.810651	0.109349	831	0.228640	0.327000	0.386107	
831	0.247894	169	0.852071	0.109349	831	0.247894	0.350000	0.386064	
825	0.264242	175	0.822857	0.109349	825	0.264242	0.362000	0.386035	
812	0.273399	188	0.936170	0.109349	812	0.273399	0.398000	0.386050	
818	0.215159	182	0.862637	0.109349	818	0.215159	0.333000	0.385986	
818	0.244499	182	0.879121	0.109349	818	0.244499	0.360000	0.385955	
832	0.306490	168	0.892857	0.109349	832	0.306490	0.405000	0.385978	
840	0.247619	160	0.831250	0.109349	840	0.247619	0.341000	0.385925	
817	0.242350	183	0.885246	0.109349	817	0.242350	0.360000	0.385894	
838	0.244630	162	0.888889	0.109349	838	0.244630	0.349000	0.385850	
839	0.220501	161	0.838509	0.109349	839	0.220501	0.320000	0.385772	
840	0.202381	160	0.843750	0.109349	840	0.202381	0.305000	0.385676	
841	0.224732	159	0.842767	0.109349	841	0.224732	0.323000	0.385602	
851	0.274971	149	0.879195	0.109349	851	0.274971	0.365000	0.385578	
841	0.278240	159	0.823899	0.109349	841	0.278240	0.365000	0.385554	
832	0.236779	168	0.904762	0.109349	832	0.236779	0.349000	0.385511	
853	0.279015	147	0.884354	0.109349	853	0.279015	0.368000	0.385490	
840	0.265476	160	0.843750	0.109349	840	0.265476	0.358000	0.385458	
845	0.222485	155	0.941935	0.109349	845	0.222485	0.334000	0.385397	
835	0.281437	165	0.890909	0.109349	835	0.281437	0.382000	0.385393	
847	0.293979	153	0.849673	0.109349	847	0.293979	0.379000	0.385386	
805	0.183851	195	0.882051	0.109349	805	0.183851	0.320000	0.385309	
829	0.342581	171	0.830409	0.063176	829	0.342581	0.426000	0.385357	
803	0.353674	197	0.852792	0.063176	803	0.353674	0.452000	0.385435	
820	0.428049	180	0.877778	0.063176	820	0.428049	0.509000	0.385579	
834	0.248201	166	0.939759	0.115476	834	0.248201	0.363000	0.385553	
831	0.276775	169	0.905325	0.115476	831	0.276775	0.383000	0.385550	
834	0.354916	166	0.885542	0.115476	834	0.354916	0.443000	0.385616	
823	0.194411	177	0.858757	0.115476	823	0.194411	0.312000	0.385531	
822	0.413625	178	0.837079	0.060299	822	0.413625	0.489000	0.385651	
833	0.300120	167	0.844311	0.081498	833	0.300120	0.391000	0.385657	
829	0.341375	171	0.877193	0.081498	829	0.341375	0.433000	0.385712	
834	0.338129	166	0.873494	0.081498	834	0.338129	0.427000	0.385759	
843	0.423488	157	0.853503	0.081498	843	0.423488	0.491000	0.385881	
835	0.338922	165	0.854545	0.088610	835	0.338922	0.424000	0.385925	
835	0.402395	165	0.824242	0.088610	835	0.402395	0.472000	0.386024	
826	0.211864	174	0.867816	0.132786	826	0.211864	0.326000	0.385955	
808	0.246287	192	0.890625	0.132786	808	0.246287	0.370000	0.385936	
843	0.204033	157	0.847134	0.132786	843	0.204033	0.305000	0.385844	
817	0.259486	183	0.836066	0.132786	817	0.259486	0.365000	0.385820	
819	0.227106	181	0.867403	0.132786	819	0.227106	0.343000	0.385771	
818	0.276284	182	0.873626	0.132786	818	0.276284	0.385000	0.385770	
825	0.263030	175	0.794286	0.132786	825	0.263030	0.356000	0.385736	
813	0.166052	187	0.866310	0.132786	813	0.166052	0.297000	0.385635	
834	0.378897	166	0.879518	0.071605	834	0.378897	0.462000	0.385722	
852	0.370892	148	0.891892	0.071605	852	0.370892	0.448000	0.385793	
835	0.546108	165	0.818182	0.071605	835	0.546108	0.591000	0.386026	
848	0.445755	152	0.848684	0.088124	848	0.445755	0.507000	0.386163	
842	0.184086	158	0.848101	0.127798	842	0.184086	0.289000	0.386053	
839	0.394517	161	0.869565	0.068386	839	0.394517	0.471000	0.386149	
845	0.526627	155	0.883871	0.068386	845	0.526627	0.582000	0.386371	
843	0.244365	157	0.898089	0.130717	843	0.244365	0.347000	0.386326	
831	0.164862	169	0.781065	0.130717	831	0.164862	0.269000	0.386194	
831	0.409146	169	0.822485	0.069130	831	0.409146	0.479000	0.386298	
836	0.228469	164	0.853659	0.123890	836	0.228469	0.331000	0.386236	
835	0.185629	165	0.872727	0.123890	835	0.185629	0.299000	0.386138	
846	0.356974	154	0.857143	0.102553	846	0.356974	0.434000	0.386192	
826	0.337772	174	0.833333	0.102553	826	0.337772	0.424000	0.386234	
845	0.275740	155	0.845161	0.102553	845	0.275740	0.364000	0.386209	
826	0.328087	174	0.833333	0.102553	826	0.328087	0.416000	0.386243	
839	0.269368	161	0.869565	0.102553	839	0.269368	0.366000	0.386220	
834	0.336930	166	0.885542	0.102553	834	0.336930	0.428000	0.386267	
829	0.337756	171	0.847953	0.102553	829	0.337756	0.425000	0.386310	
816	0.401961	184	0.875000	0.102553	816	0.401961	0.489000	0.386424	
847	0.172373	153	0.862745	0.191974	847	0.172373	0.278000	0.386304	
797	0.136763	203	0.881773	0.176088	797	0.136763	0.288000	0.386194	
847	0.192444	153	0.856209	0.155641	847	0.192444	0.294000	0.386092	
841	0.282996	159	0.905660	0.122848	841	0.282996	0.382000	0.386087	
823	0.200486	177	0.887006	0.122848	823	0.200486	0.322000	0.386016	
853	0.203986	147	0.884354	0.122848	853	0.203986	0.304000	0.385925	
817	0.270502	183	0.852459	0.122848	817	0.270502	0.377000	0.385916	
846	0.228132	154	0.850649	0.122848	846	0.228132	0.324000	0.385847	
855	0.214035	145	0.848276	0.122848	855	0.214035	0.306000	0.385759	
831	0.234657	169	0.869822	0.122848	831	0.234657	0.342000	0.385711	
848	0.198113	152	0.868421	0.122848	848	0.198113	0.300000	0.385616	
830	0.353012	170	0.876471	0.076226	830	0.353012	0.442000	0.385678	
828	0.437198	172	0.831395	0.076226	828	0.437198	0.505000	0.385809	
833	0.171669	167	0.880240	0.147247	833	0.171669	0.290000	0.385704	
833	0.352941	167	0.790419	0.091852	833	0.352941	0.426000	0.385748	
817	0.317013	183	0.874317	0.091852	817	0.317013	0.419000	0.385785	
831	0.373045	169	0.893491	0.091852	831	0.373045	0.461000	0.385867	
830	0.360241	170	0.847059	0.091852	830	0.360241	0.443000	0.385930	
803	0.371108	197	0.918782	0.091852	803	0.371108	0.479000	0.386031	
823	0.307412	177	0.858757	0.091852	823	0.307412	0.405000	0.386052	
813	0.307503	187	0.860963	0.091852	813	0.307503	0.411000	0.386079	
831	0.293622	169	0.863905	0.091852	831	0.293622	0.390000	0.386083	
823	0.335358	177	0.864407	0.091852	823	0.335358	0.429000	0.386130	
840	0.402381	160	0.856250	0.091852	840	0.402381	0.475000	0.386227	
833	0.282113	167	0.814371	0.133188	833	0.282113	0.371000	0.386210	
840	0.226190	160	0.912500	0.133188	840	0.226190	0.336000	0.386156	
834	0.206235	166	0.867470	0.133188	834	0.206235	0.316000	0.386080	
817	0.201958	183	0.885246	0.133188	817	0.201958	0.327000	0.386016	
834	0.177458	166	0.873494	0.133188	834	0.177458	0.293000	0.385915	
808	0.356436	192	0.895833	0.091740	808	0.356436	0.460000	0.385995	
836	0.330144	164	0.902439	0.091740	836	0.330144	0.424000	0.386036	
839	0.340882	161	0.881988	0.091740	839	0.340882	0.428000	0.386081	
821	0.291108	179	0.910615	0.091740	821	0.291108	0.402000	0.386099	
840	0.325000	160	0.843750	0.091740	840	0.325000	0.408000	0.386122	
848	0.326651	152	0.901316	0.091740	848	0.326651	0.414000	0.386152	
825	0.340606	175	0.851429	0.091740	825	0.340606	0.430000	0.386199	
828	0.385266	172	0.895349	0.091740	828	0.385266	0.473000	0.386292	
832	0.375000	168	0.886905	0.091740	832	0.375000	0.461000	0.386372	
829	0.334138	171	0.818713	0.091740	829	0.334138	0.417000	0.386405	
836	0.361244	164	0.823171	0.091740	836	0.361244	0.437000	0.386458	
845	0.307692	155	0.851613	0.091740	845	0.307692	0.392000	0.386464	
824	0.354369	176	0.886364	0.091740	824	0.354369	0.448000	0.386530	
839	0.438617	161	0.863354	0.091740	839	0.438617	0.507000	0.386658	
816	0.162990	184	0.869565	0.171998	816	0.162990	0.293000	0.386559	
851	0.157462	149	0.919463	0.164963	851	0.157462	0.271000	0.386436	
832	0.243990	168	0.845238	0.112067	832	0.243990	0.345000	0.386392	
826	0.283293	174	0.827586	0.112067	826	0.283293	0.378000	0.386383	
846	0.333333	154	0.863636	0.112067	846	0.333333	0.415000	0.386413	
826	0.232446	174	0.844828	0.112067	826	0.232446	0.339000	0.386363	
840	0.292857	160	0.843750	0.112067	840	0.292857	0.381000	0.386358	
828	0.242754	172	0.872093	0.112067	828	0.242754	0.351000	0.386320	
826	0.246973	174	0.850575	0.112067	826	0.246973	0.352000	0.386284	
810	0.237037	190	0.868421	0.112067	810	0.237037	0.357000	0.386253	
833	0.180072	167	0.796407	0.112067	833	0.180072	0.283000	0.386145	
834	0.314149	166	0.789157	0.102197	834	0.314149	0.393000	0.386152	
831	0.277978	169	0.840237	0.102197	831	0.277978	0.373000	0.386138	
818	0.326406	182	0.868132	0.102197	818	0.326406	0.425000	0.386179	
830	0.385542	170	0.894118	0.102197	830	0.385542	0.472000	0.386269	
821	0.274056	179	0.905028	0.102197	821	0.274056	0.387000	0.386269	
828	0.301932	172	0.866279	0.102197	828	0.301932	0.399000	0.386283	
842	0.251781	158	0.898734	0.102197	842	0.251781	0.354000	0.386249	
809	0.375773	191	0.905759	0.102197	809	0.375773	0.477000	0.386344	
834	0.286571	166	0.873494	0.102197	834	0.286571	0.384000	0.386341	
828	0.350242	172	0.883721	0.102197	828	0.350242	0.442000	0.386399	
842	0.331354	158	0.911392	0.102197	842	0.331354	0.423000	0.386437	
831	0.327316	169	0.869822	0.102197	831	0.327316	0.419000	0.386471	
848	0.286557	152	0.868421	0.102197	848	0.286557	0.375000	0.386459	
831	0.304452	169	0.857988	0.102197	831	0.304452	0.398000	0.386471	
821	0.225335	179	0.882682	0.102197	821	0.225335	0.343000	0.386426	
827	0.253930	173	0.878613	0.102197	827	0.253930	0.362000	0.386401	
821	0.285018	179	0.865922	0.102197	821	0.285018	0.389000	0.386404	
828	0.332126	172	0.918605	0.102197	828	0.332126	0.433000	0.386452	
836	0.303828	164	0.817073	0.102197	836	0.303828	0.388000	0.386453	
806	0.193548	194	0.824742	0.102197	806	0.193548	0.316000	0.386381	
824	0.331311	176	0.846591	0.059864	824	0.331311	0.422000	0.386417	
817	0.470012	183	0.863388	0.059864	817	0.470012	0.542000	0.386577	
820	0.247561	180	0.872222	0.098754	820	0.247561	0.360000	0.386550	
828	0.357488	172	0.848837	0.098754	828	0.357488	0.442000	0.386607	
841	0.287753	159	0.861635	0.098754	841	0.287753	0.379000	0.386599	
826	0.250605	174	0.896552	0.098754	826	0.250605	0.363000	0.386575	
823	0.303767	177	0.881356	0.098754	823	0.303767	0.406000	0.386595	
822	0.290754	178	0.904494	0.098754	822	0.290754	0.400000	0.386608	
801	0.255930	199	0.869347	0.098754	801	0.255930	0.378000	0.386600	
846	0.288416	154	0.857143	0.098754	846	0.288416	0.376000	0.386589	
831	0.247894	169	0.923077	0.098754	831	0.247894	0.362000	0.386564	
842	0.351544	158	0.873418	0.098754	842	0.351544	0.434000	0.386612	
841	0.256837	159	0.867925	0.098754	841	0.256837	0.354000	0.386579	
834	0.229017	166	0.867470	0.098754	834	0.229017	0.335000	0.386527	
826	0.320823	174	0.867816	0.098754	826	0.320823	0.416000	0.386556	
836	0.272727	164	0.804878	0.098754	836	0.272727	0.360000	0.386529	
817	0.288862	183	0.868852	0.098754	817	0.288862	0.395000	0.386538	
806	0.210918	194	0.876289	0.098754	806	0.210918	0.340000	0.386491	
832	0.271635	168	0.880952	0.098754	832	0.271635	0.374000	0.386478	
821	0.304507	179	0.854749	0.098754	821	0.304507	0.403000	0.386495	
823	0.217497	177	0.864407	0.098754	823	0.217497	0.332000	0.386440	
827	0.245466	173	0.843931	0.098754	827	0.245466	0.349000	0.386402	
836	0.366029	164	0.859756	0.098754	836	0.366029	0.447000	0.386463	
824	0.235437	176	0.840909	0.098754	824	0.235437	0.342000	0.386419	
838	0.311456	162	0.882716	0.098754	838	0.311456	0.404000	0.386436	
837	0.341697	163	0.883436	0.098754	837	0.341697	0.430000	0.386480	
837	0.352449	163	0.809816	0.098754	837	0.352449	0.427000	0.386521	
841	0.285375	159	0.911950	0.098754	841	0.285375	0.385000	0.386519	
808	0.318069	192	0.864583	0.098754	808	0.318069	0.423000	0.386556	
839	0.332539	161	0.900621	0.098754	839	0.332539	0.424000	0.386593	
830	0.324096	170	0.882353	0.098754	830	0.324096	0.419000	0.386625	
841	0.275862	159	0.893082	0.098754	841	0.275862	0.374000	0.386613	
843	0.385528	157	0.859873	0.098754	843	0.385528	0.460000	0.386686	
816	0.328431	184	0.875000	0.098754	816	0.328431	0.429000	0.386728	
846	0.346336	154	0.863636	0.098754	846	0.346336	0.426000	0.386767	
821	0.360536	179	0.860335	0.098754	821	0.360536	0.450000	0.386830	
839	0.362336	161	0.857143	0.098754	839	0.362336	0.442000	0.386885	
820	0.360976	180	0.944444	0.098754	820	0.360976	0.466000	0.386963	
823	0.332928	177	0.853107	0.098754	823	0.332928	0.425000	0.387001	
820	0.342683	180	0.844444	0.098754	820	0.342683	0.433000	0.387046	
818	0.292176	182	0.857143	0.098754	818	0.292176	0.395000	0.387054	
812	0.344828	188	0.872340	0.098754	812	0.344828	0.444000	0.387110	
835	0.276647	165	0.903030	0.098754	835	0.276647	0.380000	0.387103	
847	0.383707	153	0.830065	0.098754	847	0.383707	0.452000	0.387167	
836	0.409091	164	0.859756	0.098754	836	0.409091	0.483000	0.387261	
844	0.144550	156	0.878205	0.166652	844	0.144550	0.259000	0.387135	
827	0.210399	173	0.878613	0.130793	827	0.210399	0.326000	0.387075	
817	0.176255	183	0.879781	0.130793	817	0.176255	0.305000	0.386995	
808	0.269802	192	0.843750	0.086710	808	0.269802	0.380000	0.386988	
834	0.300959	166	0.885542	0.086710	834	0.300959	0.398000	0.386999	
831	0.314079	169	0.881657	0.086710	831	0.314079	0.410000	0.387021	
838	0.353222	162	0.858025	0.086710	838	0.353222	0.435000	0.387068	
825	0.366061	175	0.840000	0.086710	825	0.366061	0.449000	0.387129	
827	0.320435	173	0.820809	0.086710	827	0.320435	0.407000	0.387148	
836	0.288278	164	0.847561	0.086710	836	0.288278	0.380000	0.387141	
833	0.282113	167	0.880240	0.086710	833	0.282113	0.382000	0.387136	
834	0.369305	166	0.897590	0.086710	834	0.369305	0.457000	0.387204	
821	0.291108	179	0.826816	0.086710	821	0.291108	0.387000	0.387204	
835	0.246707	165	0.842424	0.086710	835	0.246707	0.345000	0.387163	
839	0.353993	161	0.875776	0.086710	839	0.353993	0.438000	0.387212	
855	0.278363	145	0.875862	0.086710	855	0.278363	0.365000	0.387191	
835	0.385629	165	0.872727	0.086710	835	0.385629	0.466000	0.387267	
841	0.297265	159	0.880503	0.086710	841	0.297265	0.390000	0.387269	
814	0.339066	186	0.876344	0.086710	814	0.339066	0.439000	0.387319	
816	0.316176	184	0.934783	0.086710	816	0.316176	0.430000	0.387361	
830	0.363855	170	0.935294	0.086710	830	0.363855	0.461000	0.387432	
830	0.415663	170	0.823529	0.086710	830	0.415663	0.485000	0.387526	
841	0.388823	159	0.849057	0.088111	841	0.388823	0.462000	0.387597	
830	0.412048	170	0.900000	0.088111	830	0.412048	0.495000	0.387701	
824	0.196602	176	0.852273	0.147389	824	0.196602	0.312000	0.387628	
814	0.271499	186	0.849462	0.129640	814	0.271499	0.379000	0.387620	
845	0.230769	155	0.890323	0.129640	845	0.230769	0.333000	0.387567	
822	0.180049	178	0.786517	0.129640	822	0.180049	0.288000	0.387472	
827	0.298670	173	0.861272	0.069311	827	0.298670	0.396000	0.387480	
832	0.403846	168	0.815476	0.069311	832	0.403846	0.473000	0.387562	
829	0.132690	171	0.853801	0.130077	829	0.132690	0.256000	0.387436	
822	0.306569	178	0.848315	0.082458	822	0.306569	0.403000	0.387451	
825	0.344242	175	0.868571	0.082458	825	0.344242	0.436000	0.387497	
827	0.246675	173	0.907514	0.082458	827	0.246675	0.361000	0.387472	
813	0.233702	187	0.882353	0.082458	813	0.233702	0.355000	0.387441	
832	0.407452	168	0.845238	0.082458	832	0.407452	0.481000	0.387530	
831	0.175692	169	0.893491	0.088238	831	0.175692	0.297000	0.387444	
817	0.292534	183	0.907104	0.087373	817	0.292534	0.405000	0.387461	
825	0.343030	175	0.885714	0.087373	825	0.343030	0.438000	0.387509	
810	0.393827	190	0.884211	0.087373	810	0.393827	0.487000	0.387603	
849	0.376914	151	0.874172	0.087373	849	0.376914	0.452000	0.387664	
837	0.338112	163	0.834356	0.087373	837	0.338112	0.419000	0.387693	
851	0.377203	149	0.865772	0.087373	851	0.377203	0.450000	0.387752	
837	0.379928	163	0.834356	0.087373	837	0.379928	0.454000	0.387815	
844	0.342417	156	0.884615	0.087373	844	0.342417	0.427000	0.387852	
821	0.403167	179	0.843575	0.087373	821	0.403167	0.482000	0.387940	
834	0.293765	166	0.771084	0.132577	834	0.293765	0.373000	0.387926	
835	0.285030	165	0.903030	0.132577	835	0.285030	0.387000	0.387925	
833	0.232893	167	0.808383	0.132577	833	0.232893	0.329000	0.387870	
839	0.228844	161	0.875776	0.132577	839	0.228844	0.333000	0.387819	
831	0.135981	169	0.869822	0.132577	831	0.135981	0.260000	0.387699	
825	0.225455	175	0.834286	0.120145	825	0.225455	0.332000	0.387647	
820	0.352439	180	0.855556	0.120145	820	0.352439	0.443000	0.387698	
833	0.266507	167	0.796407	0.120145	833	0.266507	0.355000	0.387668	
809	0.244747	191	0.895288	0.120145	809	0.244747	0.369000	0.387650	
828	0.235507	172	0.860465	0.120145	828	0.235507	0.343000	0.387609	
826	0.288136	174	0.839080	0.120145	826	0.288136	0.384000	0.387605	
817	0.203182	183	0.857923	0.120145	817	0.203182	0.323000	0.387545	
823	0.241798	177	0.887006	0.120145	823	0.241798	0.356000	0.387516	
815	0.331288	185	0.821622	0.120145	815	0.331288	0.422000	0.387548	
823	0.304982	177	0.875706	0.120145	823	0.304982	0.406000	0.387565	
806	0.264268	194	0.845361	0.120145	806	0.264268	0.377000	0.387555	
809	0.208900	191	0.827225	0.120145	809	0.208900	0.327000	0.387499	
822	0.220195	178	0.898876	0.120145	822	0.220195	0.341000	0.387456	
809	0.264524	191	0.842932	0.120145	809	0.264524	0.375000	0.387445	
810	0.264198	190	0.894737	0.120145	810	0.264198	0.384000	0.387441	
820	0.330488	180	0.905556	0.120145	820	0.330488	0.434000	0.387484	
831	0.298436	169	0.881657	0.120145	831	0.298436	0.397000	0.387493	
824	0.236650	176	0.857955	0.120145	824	0.236650	0.346000	0.387455	
829	0.172497	171	0.859649	0.120145	829	0.172497	0.290000	0.387365	
845	0.240237	155	0.851613	0.119641	845	0.240237	0.335000	0.387317	
834	0.165468	166	0.867470	0.119641	834	0.165468	0.282000	0.387220	
830	0.356627	170	0.841176	0.088771	830	0.356627	0.439000	0.387268	
830	0.355422	170	0.835294	0.088771	830	0.355422	0.437000	0.387313	
838	0.385442	162	0.925926	0.088771	838	0.385442	0.473000	0.387392	
830	0.440964	170	0.847059	0.088771	830	0.440964	0.510000	0.387504	
840	0.198810	160	0.868750	0.165311	840	0.198810	0.306000	0.387430	
821	0.224117	179	0.837989	0.125656	821	0.224117	0.334000	0.387381	
831	0.223827	169	0.899408	0.125656	831	0.223827	0.338000	0.387336	
844	0.219194	156	0.788462	0.125656	844	0.219194	0.308000	0.387263	
829	0.297949	171	0.912281	0.125656	829	0.297949	0.403000	0.387278	
842	0.248219	158	0.892405	0.125656	842	0.248219	0.350000	0.387244	
841	0.167658	159	0.880503	0.125656	841	0.167658	0.281000	0.387147	
843	0.177936	157	0.878981	0.125324	843	0.177936	0.288000	0.387057	
