Default schedule
Rate	100.00
Rate Tried	% Accepted	Rates - Dev	Rates - Tried	Rates - Accepted	Sample Ave Acceptance	Total Ave Acceptance	
1	0.000000	0.277889	1	0.000000	0.000000	0.000000	
1000	0.184000	0.277889	1001	0.183816	0.184000	0.183816	
1000	0.611000	0.177013	1000	0.611000	0.611000	0.397301	
1000	0.572000	0.241050	1000	0.572000	0.572000	0.455515	
1000	0.413000	0.379861	1000	0.413000	0.413000	0.444889	
1000	0.281000	0.435687	1000	0.281000	0.281000	0.412118	
1000	0.307000	0.435687	1000	0.307000	0.307000	0.394601	
1000	0.355000	0.435687	1000	0.355000	0.355000	0.388944	
1000	0.352000	0.435687	1000	0.352000	0.352000	0.384327	
1000	0.328000	0.435687	1000	0.328000	0.328000	0.378069	
1000	0.369000	0.435687	1000	0.369000	0.369000	0.377162	
1000	0.361000	0.435687	1000	0.361000	0.361000	0.375693	
1000	0.362000	0.435687	1000	0.362000	0.362000	0.374552	
1000	0.308000	0.435687	1000	0.308000	0.308000	0.369433	
1000	0.326000	0.435687	1000	0.326000	0.326000	0.366331	
1000	0.270000	0.435687	1000	0.270000	0.270000	0.359909	
1000	0.346000	0.435687	1000	0.346000	0.346000	0.359040	
1000	0.344000	0.435687	1000	0.344000	0.344000	0.358155	
1000	0.316000	0.435687	1000	0.316000	0.316000	0.355814	
1000	0.319000	0.435687	1000	0.319000	0.319000	0.353876	
1000	0.344000	0.435687	1000	0.344000	0.344000	0.353382	
1000	0.324000	0.435687	1000	0.324000	0.324000	0.351983	
1000	0.313000	0.435687	1000	0.313000	0.313000	0.350211	
1000	0.345000	0.435687	1000	0.345000	0.345000	0.349985	
1000	0.323000	0.435687	1000	0.323000	0.323000	0.348860	
1000	0.324000	0.435687	1000	0.324000	0.324000	0.347866	
1000	0.273000	0.435687	1000	0.273000	0.273000	0.344987	
1000	0.353000	0.435687	1000	0.353000	0.353000	0.345284	
1000	0.306000	0.435687	1000	0.306000	0.306000	0.343881	
1000	0.311000	0.435687	1000	0.311000	0.311000	0.342747	
1000	0.334000	0.435687	1000	0.334000	0.334000	0.342455	
1000	0.356000	0.435687	1000	0.356000	0.356000	0.342892	
1000	0.351000	0.435687	1000	0.351000	0.351000	0.343146	
1000	0.342000	0.435687	1000	0.342000	0.342000	0.343111	
1000	0.334000	0.435687	1000	0.334000	0.334000	0.342843	
1000	0.316000	0.435687	1000	0.316000	0.316000	0.342076	
1000	0.338000	0.435687	1000	0.338000	0.338000	0.341963	
1000	0.298000	0.435687	1000	0.298000	0.298000	0.340775	
1000	0.322000	0.435687	1000	0.322000	0.322000	0.340281	
1000	0.378000	0.435687	1000	0.378000	0.378000	0.341248	
1000	0.347000	0.435687	1000	0.347000	0.347000	0.341391	
1000	0.318000	0.435687	1000	0.318000	0.318000	0.340821	
1000	0.342000	0.435687	1000	0.342000	0.342000	0.340849	
1000	0.323000	0.435687	1000	0.323000	0.323000	0.340434	
1000	0.339000	0.435687	1000	0.339000	0.339000	0.340401	
1000	0.337000	0.435687	1000	0.337000	0.337000	0.340326	
1000	0.332000	0.435687	1000	0.332000	0.332000	0.340145	
1000	0.335000	0.435687	1000	0.335000	0.335000	0.340035	
1000	0.338000	0.435687	1000	0.338000	0.338000	0.339993	
1000	0.329000	0.435687	1000	0.329000	0.329000	0.339769	
1000	0.333000	0.435687	1000	0.333000	0.333000	0.339633	
1000	0.336000	0.435687	1000	0.336000	0.336000	0.339562	
1000	0.335000	0.435687	1000	0.335000	0.335000	0.339474	
1000	0.318000	0.435687	1000	0.318000	0.318000	0.339069	
1000	0.338000	0.435687	1000	0.338000	0.338000	0.339049	
1000	0.324000	0.435687	1000	0.324000	0.324000	0.338776	
1000	0.347000	0.435687	1000	0.347000	0.347000	0.338923	
1000	0.344000	0.435687	1000	0.344000	0.344000	0.339012	
1000	0.348000	0.435687	1000	0.348000	0.348000	0.339167	
1000	0.326000	0.435687	1000	0.326000	0.326000	0.338943	
1000	0.324000	0.435687	1000	0.324000	0.324000	0.338694	
1000	0.311000	0.435687	1000	0.311000	0.311000	0.338240	
1000	0.317000	0.435687	1000	0.317000	0.317000	0.337898	
1000	0.309000	0.435687	1000	0.309000	0.309000	0.337439	
1000	0.308000	0.435687	1000	0.308000	0.308000	0.336979	
1000	0.351000	0.435687	1000	0.351000	0.351000	0.337195	
1000	0.327000	0.435687	1000	0.327000	0.327000	0.337040	
1000	0.336000	0.435687	1000	0.336000	0.336000	0.337025	
1000	0.325000	0.435687	1000	0.325000	0.325000	0.336848	
1000	0.344000	0.435687	1000	0.344000	0.344000	0.336952	
1000	0.329000	0.435687	1000	0.329000	0.329000	0.336838	
1000	0.345000	0.435687	1000	0.345000	0.345000	0.336953	
1000	0.275000	0.435687	1000	0.275000	0.275000	0.336093	
1000	0.319000	0.435687	1000	0.319000	0.319000	0.335858	
1000	0.348000	0.435687	1000	0.348000	0.348000	0.336022	
1000	0.325000	0.435687	1000	0.325000	0.325000	0.335876	
1000	0.338000	0.435687	1000	0.338000	0.338000	0.335903	
1000	0.335000	0.435687	1000	0.335000	0.335000	0.335892	
1000	0.376000	0.435687	1000	0.376000	0.376000	0.336406	
1000	0.312000	0.435687	1000	0.312000	0.312000	0.336097	
1000	0.367000	0.435687	1000	0.367000	0.367000	0.336483	
1000	0.335000	0.435687	1000	0.335000	0.335000	0.336465	
1000	0.343000	0.435687	1000	0.343000	0.343000	0.336545	
1000	0.331000	0.435687	1000	0.331000	0.331000	0.336478	
1000	0.342000	0.435687	1000	0.342000	0.342000	0.336544	
1000	0.325000	0.435687	1000	0.325000	0.325000	0.336408	
1000	0.304000	0.435687	1000	0.304000	0.304000	0.336031	
1000	0.324000	0.435687	1000	0.324000	0.324000	0.335893	
1000	0.321000	0.435687	1000	0.321000	0.321000	0.335723	
1000	0.330000	0.435687	1000	0.330000	0.330000	0.335659	
1000	0.349000	0.435687	1000	0.349000	0.349000	0.335807	
1000	0.285000	0.435687	1000	0.285000	0.285000	0.335249	
1000	0.336000	0.435687	1000	0.336000	0.336000	0.335257	
1000	0.337000	0.435687	1000	0.337000	0.337000	0.335276	
1000	0.355000	0.435687	1000	0.355000	0.355000	0.335486	
1000	0.355000	0.435687	1000	0.355000	0.355000	0.335691	
1000	0.317000	0.435687	1000	0.317000	0.317000	0.335497	
1000	0.305000	0.435687	1000	0.305000	0.305000	0.335182	
1000	0.346000	0.435687	1000	0.346000	0.346000	0.335292	
1000	0.326000	0.435687	1000	0.326000	0.326000	0.335199	
1000	0.328000	0.435687	1000	0.328000	0.328000	0.335127	
1000	0.307000	0.435687	1000	0.307000	0.307000	0.334848	
1000	0.312000	0.435687	1000	0.312000	0.312000	0.334624	
1000	0.344000	0.435687	1000	0.344000	0.344000	0.334715	
1000	0.334000	0.435687	1000	0.334000	0.334000	0.334708	
1000	0.313000	0.435687	1000	0.313000	0.313000	0.334502	
1000	0.282000	0.435687	1000	0.282000	0.282000	0.334006	
1000	0.369000	0.435687	1000	0.369000	0.369000	0.334333	
1000	0.349000	0.435687	1000	0.349000	0.349000	0.334469	
1000	0.312000	0.435687	1000	0.312000	0.312000	0.334263	
1000	0.311000	0.435687	1000	0.311000	0.311000	0.334052	
1000	0.335000	0.435687	1000	0.335000	0.335000	0.334060	
1000	0.295000	0.435687	1000	0.295000	0.295000	0.333711	
1000	0.269000	0.435687	1000	0.269000	0.269000	0.333139	
1000	0.344000	0.435687	1000	0.344000	0.344000	0.333234	
1000	0.334000	0.435687	1000	0.334000	0.334000	0.333241	
1000	0.289000	0.435687	1000	0.289000	0.289000	0.332859	
1000	0.323000	0.435687	1000	0.323000	0.323000	0.332775	
1000	0.360000	0.435687	1000	0.360000	0.360000	0.333006	
1000	0.332000	0.435687	1000	0.332000	0.332000	0.332997	
1000	0.321000	0.435687	1000	0.321000	0.321000	0.332897	
1000	0.319000	0.435687	1000	0.319000	0.319000	0.332782	
1000	0.312000	0.435687	1000	0.312000	0.312000	0.332612	
1000	0.310000	0.435687	1000	0.310000	0.310000	0.332428	
1000	0.294000	0.435687	1000	0.294000	0.294000	0.332118	
1000	0.279000	0.435687	1000	0.279000	0.279000	0.331693	
1000	0.285000	0.435687	1000	0.285000	0.285000	0.331323	
1000	0.346000	0.435687	1000	0.346000	0.346000	0.331438	
1000	0.330000	0.435687	1000	0.330000	0.330000	0.331427	
1000	0.323000	0.435687	1000	0.323000	0.323000	0.331362	
1000	0.316000	0.435687	1000	0.316000	0.316000	0.331244	
1000	0.341000	0.435687	1000	0.341000	0.341000	0.331318	
1000	0.322000	0.435687	1000	0.322000	0.322000	0.331247	
1000	0.350000	0.435687	1000	0.350000	0.350000	0.331388	
1000	0.339000	0.435687	1000	0.339000	0.339000	0.331445	
1000	0.344000	0.435687	1000	0.344000	0.344000	0.331538	
1000	0.321000	0.435687	1000	0.321000	0.321000	0.331461	
1000	0.339000	0.435687	1000	0.339000	0.339000	0.331516	
1000	0.357000	0.435687	1000	0.357000	0.357000	0.331700	
1000	0.325000	0.435687	1000	0.325000	0.325000	0.331652	
1000	0.368000	0.435687	1000	0.368000	0.368000	0.331912	
1000	0.343000	0.435687	1000	0.343000	0.343000	0.331991	
1000	0.298000	0.435687	1000	0.298000	0.298000	0.331751	
1000	0.337000	0.435687	1000	0.337000	0.337000	0.331788	
1000	0.317000	0.435687	1000	0.317000	0.317000	0.331685	
1000	0.332000	0.435687	1000	0.332000	0.332000	0.331687	
1000	0.367000	0.435687	1000	0.367000	0.367000	0.331929	
1000	0.349000	0.435687	1000	0.349000	0.349000	0.332045	
1000	0.307000	0.435687	1000	0.307000	0.307000	0.331876	
1000	0.340000	0.435687	1000	0.340000	0.340000	0.331931	
1000	0.324000	0.435687	1000	0.324000	0.324000	0.331878	
1000	0.321000	0.435687	1000	0.321000	0.321000	0.331806	
1000	0.300000	0.435687	1000	0.300000	0.300000	0.331597	
1000	0.314000	0.435687	1000	0.314000	0.314000	0.331481	
1000	0.360000	0.435687	1000	0.360000	0.360000	0.331667	
1000	0.354000	0.435687	1000	0.354000	0.354000	0.331811	
1000	0.327000	0.435687	1000	0.327000	0.327000	0.331780	
1000	0.331000	0.435687	1000	0.331000	0.331000	0.331775	
1000	0.305000	0.435687	1000	0.305000	0.305000	0.331605	
1000	0.328000	0.435687	1000	0.328000	0.328000	0.331583	
1000	0.329000	0.435687	1000	0.329000	0.329000	0.331567	
1000	0.331000	0.435687	1000	0.331000	0.331000	0.331563	
1000	0.308000	0.435687	1000	0.308000	0.308000	0.331418	
1000	0.329000	0.435687	1000	0.329000	0.329000	0.331403	
1000	0.326000	0.435687	1000	0.326000	0.326000	0.331370	
1000	0.338000	0.435687	1000	0.338000	0.338000	0.331410	
1000	0.358000	0.435687	1000	0.358000	0.358000	0.331570	
1000	0.353000	0.435687	1000	0.353000	0.353000	0.331699	
1000	0.340000	0.435687	1000	0.340000	0.340000	0.331748	
1000	0.335000	0.435687	1000	0.335000	0.335000	0.331767	
1000	0.315000	0.435687	1000	0.315000	0.315000	0.331669	
1000	0.331000	0.435687	1000	0.331000	0.331000	0.331665	
1000	0.351000	0.435687	1000	0.351000	0.351000	0.331777	
1000	0.345000	0.435687	1000	0.345000	0.345000	0.331854	
1000	0.355000	0.435687	1000	0.355000	0.355000	0.331987	
1000	0.327000	0.435687	1000	0.327000	0.327000	0.331958	
1000	0.332000	0.435687	1000	0.332000	0.332000	0.331958	
1000	0.306000	0.435687	1000	0.306000	0.306000	0.331812	
1000	0.366000	0.435687	1000	0.366000	0.366000	0.332004	
1000	0.340000	0.435687	1000	0.340000	0.340000	0.332048	
1000	0.346000	0.435687	1000	0.346000	0.346000	0.332126	
1000	0.357000	0.435687	1000	0.357000	0.357000	0.332263	
1000	0.313000	0.435687	1000	0.313000	0.313000	0.332158	
1000	0.315000	0.435687	1000	0.315000	0.315000	0.332064	
1000	0.339000	0.435687	1000	0.339000	0.339000	0.332101	
1000	0.313000	0.435687	1000	0.313000	0.313000	0.331998	
1000	0.337000	0.435687	1000	0.337000	0.337000	0.332025	
1000	0.336000	0.435687	1000	0.336000	0.336000	0.332046	
1000	0.344000	0.435687	1000	0.344000	0.344000	0.332110	
1000	0.341000	0.435687	1000	0.341000	0.341000	0.332157	
1000	0.305000	0.435687	1000	0.305000	0.305000	0.332014	
1000	0.361000	0.435687	1000	0.361000	0.361000	0.332166	
1000	0.326000	0.435687	1000	0.326000	0.326000	0.332134	
1000	0.286000	0.435687	1000	0.286000	0.286000	0.331895	
1000	0.330000	0.435687	1000	0.330000	0.330000	0.331885	
1000	0.312000	0.435687	1000	0.312000	0.312000	0.331783	
1000	0.354000	0.435687	1000	0.354000	0.354000	0.331896	
1000	0.306000	0.435687	1000	0.306000	0.306000	0.331765	
1000	0.320000	0.435687	1000	0.320000	0.320000	0.331705	
1000	0.332000	0.435687	1000	0.332000	0.332000	0.331707	
1000	0.316000	0.435687	1000	0.316000	0.316000	0.331628	
1000	0.330000	0.435687	1000	0.330000	0.330000	0.331620	
1000	0.318000	0.435687	1000	0.318000	0.318000	0.331553	
1000	0.326000	0.435687	1000	0.326000	0.326000	0.331525	
1000	0.313000	0.435687	1000	0.313000	0.313000	0.331435	
1000	0.342000	0.435687	1000	0.342000	0.342000	0.331486	
1000	0.326000	0.435687	1000	0.326000	0.326000	0.331460	
1000	0.324000	0.435687	1000	0.324000	0.324000	0.331424	
1000	0.322000	0.435687	1000	0.322000	0.322000	0.331378	
1000	0.328000	0.435687	1000	0.328000	0.328000	0.331362	
1000	0.396000	0.435687	1000	0.396000	0.396000	0.331670	
1000	0.286000	0.435687	1000	0.286000	0.286000	0.331453	
1000	0.354000	0.435687	1000	0.354000	0.354000	0.331560	
1000	0.317000	0.435687	1000	0.317000	0.317000	0.331491	
1000	0.309000	0.435687	1000	0.309000	0.309000	0.331386	
1000	0.331000	0.435687	1000	0.331000	0.331000	0.331385	
1000	0.316000	0.435687	1000	0.316000	0.316000	0.331313	
1000	0.317000	0.435687	1000	0.317000	0.317000	0.331247	
1000	0.362000	0.435687	1000	0.362000	0.362000	0.331388	
1000	0.340000	0.435687	1000	0.340000	0.340000	0.331428	
1000	0.312000	0.435687	1000	0.312000	0.312000	0.331339	
1000	0.326000	0.435687	1000	0.326000	0.326000	0.331315	
1000	0.346000	0.435687	1000	0.346000	0.346000	0.331381	
1000	0.311000	0.435687	1000	0.311000	0.311000	0.331290	
1000	0.345000	0.435687	1000	0.345000	0.345000	0.331351	
1000	0.345000	0.435687	1000	0.345000	0.345000	0.331412	
1000	0.325000	0.435687	1000	0.325000	0.325000	0.331383	
1000	0.331000	0.435687	1000	0.331000	0.331000	0.331382	
1000	0.315000	0.435687	1000	0.315000	0.315000	0.331310	
1000	0.333000	0.435687	1000	0.333000	0.333000	0.331317	
1000	0.327000	0.435687	1000	0.327000	0.327000	0.331299	
1000	0.318000	0.435687	1000	0.318000	0.318000	0.331241	
1000	0.343000	0.435687	1000	0.343000	0.343000	0.331292	
1000	0.330000	0.435687	1000	0.330000	0.330000	0.331286	
1000	0.310000	0.435687	1000	0.310000	0.310000	0.331195	
1000	0.337000	0.435687	1000	0.337000	0.337000	0.331220	
1000	0.349000	0.435687	1000	0.349000	0.349000	0.331295	
1000	0.336000	0.435687	1000	0.336000	0.336000	0.331315	
1000	0.345000	0.435687	1000	0.345000	0.345000	0.331373	
1000	0.326000	0.435687	1000	0.326000	0.326000	0.331350	
1000	0.313000	0.435687	1000	0.313000	0.313000	0.331274	
1000	0.311000	0.435687	1000	0.311000	0.311000	0.331189	
1000	0.327000	0.435687	1000	0.327000	0.327000	0.331172	
1000	0.310000	0.435687	1000	0.310000	0.310000	0.331085	
1000	0.362000	0.435687	1000	0.362000	0.362000	0.331212	
1000	0.314000	0.435687	1000	0.314000	0.314000	0.331142	
1000	0.341000	0.435687	1000	0.341000	0.341000	0.331182	
1000	0.358000	0.435687	1000	0.358000	0.358000	0.331290	
1000	0.358000	0.435687	1000	0.358000	0.358000	0.331398	
1000	0.367000	0.435687	1000	0.367000	0.367000	0.331541	
1000	0.366000	0.435687	1000	0.366000	0.366000	0.331679	
1000	0.264000	0.435687	1000	0.264000	0.264000	0.331409	
1000	0.344000	0.435687	1000	0.344000	0.344000	0.331459	
1000	0.331000	0.435687	1000	0.331000	0.331000	0.331457	
1000	0.312000	0.435687	1000	0.312000	0.312000	0.331381	
1000	0.337000	0.435687	1000	0.337000	0.337000	0.331403	
1000	0.340000	0.435687	1000	0.340000	0.340000	0.331436	
1000	0.314000	0.435687	1000	0.314000	0.314000	0.331368	
1000	0.329000	0.435687	1000	0.329000	0.329000	0.331359	
1000	0.346000	0.435687	1000	0.346000	0.346000	0.331416	
1000	0.346000	0.435687	1000	0.346000	0.346000	0.331472	
1000	0.322000	0.435687	1000	0.322000	0.322000	0.331436	
1000	0.347000	0.435687	1000	0.347000	0.347000	0.331495	
1000	0.364000	0.435687	1000	0.364000	0.364000	0.331619	
1000	0.335000	0.435687	1000	0.335000	0.335000	0.331631	
1000	0.297000	0.435687	1000	0.297000	0.297000	0.331501	
1000	0.325000	0.435687	1000	0.325000	0.325000	0.331476	
1000	0.302000	0.435687	1000	0.302000	0.302000	0.331366	
1000	0.334000	0.435687	1000	0.334000	0.334000	0.331376	
1000	0.300000	0.435687	1000	0.300000	0.300000	0.331259	
1000	0.348000	0.435687	1000	0.348000	0.348000	0.331321	
1000	0.332000	0.435687	1000	0.332000	0.332000	0.331324	
1000	0.337000	0.435687	1000	0.337000	0.337000	0.331344	
1000	0.373000	0.435687	1000	0.373000	0.373000	0.331497	
1000	0.319000	0.435687	1000	0.319000	0.319000	0.331451	
1000	0.307000	0.435687	1000	0.307000	0.307000	0.331362	
1000	0.284000	0.435687	1000	0.284000	0.284000	0.331191	
1000	0.319000	0.435687	1000	0.319000	0.319000	0.331147	
1000	0.354000	0.435687	1000	0.354000	0.354000	0.331229	
1000	0.330000	0.435687	1000	0.330000	0.330000	0.331225	
1000	0.322000	0.435687	1000	0.322000	0.322000	0.331192	
1000	0.345000	0.435687	1000	0.345000	0.345000	0.331241	
1000	0.359000	0.435687	1000	0.359000	0.359000	0.331339	
1000	0.352000	0.435687	1000	0.352000	0.352000	0.331412	
1000	0.360000	0.435687	1000	0.360000	0.360000	0.331513	
1000	0.305000	0.435687	1000	0.305000	0.305000	0.331420	
1000	0.334000	0.435687	1000	0.334000	0.334000	0.331429	
1000	0.352000	0.435687	1000	0.352000	0.352000	0.331501	
1000	0.352000	0.435687	1000	0.352000	0.352000	0.331572	
1000	0.326000	0.435687	1000	0.326000	0.326000	0.331552	
1000	0.279000	0.435687	1000	0.279000	0.279000	0.331371	
1000	0.384000	0.435687	1000	0.384000	0.384000	0.331552	
1000	0.347000	0.435687	1000	0.347000	0.347000	0.331605	
1000	0.347000	0.435687	1000	0.347000	0.347000	0.331658	
1000	0.360000	0.435687	1000	0.360000	0.360000	0.331754	
1000	0.359000	0.435687	1000	0.359000	0.359000	0.331846	
1000	0.353000	0.435687	1000	0.353000	0.353000	0.331918	
1000	0.325000	0.435687	1000	0.325000	0.325000	0.331895	
1000	0.366000	0.435687	1000	0.366000	0.366000	0.332009	
1000	0.313000	0.435687	1000	0.313000	0.313000	0.331945	
1000	0.327000	0.435687	1000	0.327000	0.327000	0.331929	
1000	0.335000	0.435687	1000	0.335000	0.335000	0.331939	
1000	0.306000	0.435687	1000	0.306000	0.306000	0.331853	
1000	0.327000	0.435687	1000	0.327000	0.327000	0.331837	
1000	0.296000	0.435687	1000	0.296000	0.296000	0.331719	
1000	0.318000	0.435687	1000	0.318000	0.318000	0.331674	
1000	0.383000	0.435687	1000	0.383000	0.383000	0.331842	
1000	0.288000	0.435687	1000	0.288000	0.288000	0.331699	
1000	0.358000	0.435687	1000	0.358000	0.358000	0.331785	
1000	0.361000	0.435687	1000	0.361000	0.361000	0.331879	
1000	0.347000	0.435687	1000	0.347000	0.347000	0.331928	
1000	0.305000	0.435687	1000	0.305000	0.305000	0.331841	
1000	0.270000	0.435687	1000	0.270000	0.270000	0.331643	
1000	0.367000	0.435687	1000	0.367000	0.367000	0.331756	
1000	0.364000	0.435687	1000	0.364000	0.364000	0.331859	
1000	0.348000	0.435687	1000	0.348000	0.348000	0.331910	
1000	0.305000	0.435687	1000	0.305000	0.305000	0.331825	
1000	0.322000	0.435687	1000	0.322000	0.322000	0.331794	
1000	0.344000	0.435687	1000	0.344000	0.344000	0.331832	
1000	0.304000	0.435687	1000	0.304000	0.304000	0.331745	
1000	0.369000	0.435687	1000	0.369000	0.369000	0.331861	
1000	0.348000	0.435687	1000	0.348000	0.348000	0.331912	
1000	0.354000	0.435687	1000	0.354000	0.354000	0.331980	
1000	0.316000	0.435687	1000	0.316000	0.316000	0.331931	
1000	0.318000	0.435687	1000	0.318000	0.318000	0.331888	
1000	0.300000	0.435687	1000	0.300000	0.300000	0.331790	
1000	0.360000	0.435687	1000	0.360000	0.360000	0.331876	
1000	0.353000	0.435687	1000	0.353000	0.353000	0.331941	
1000	0.362000	0.435687	1000	0.362000	0.362000	0.332033	
1000	0.338000	0.435687	1000	0.338000	0.338000	0.332051	
1000	0.354000	0.435687	1000	0.354000	0.354000	0.332117	
1000	0.362000	0.435687	1000	0.362000	0.362000	0.332207	
1000	0.298000	0.435687	1000	0.298000	0.298000	0.332104	
1000	0.347000	0.435687	1000	0.347000	0.347000	0.332149	
1000	0.282000	0.435687	1000	0.282000	0.282000	0.331999	
1000	0.347000	0.435687	1000	0.347000	0.347000	0.332044	
1000	0.354000	0.435687	1000	0.354000	0.354000	0.332109	
1000	0.321000	0.435687	1000	0.321000	0.321000	0.332076	
1000	0.293000	0.435687	1000	0.293000	0.293000	0.331961	
1000	0.311000	0.435687	1000	0.311000	0.311000	0.331899	
1000	0.347000	0.435687	1000	0.347000	0.347000	0.331943	
1000	0.349000	0.435687	1000	0.349000	0.349000	0.331993	
1000	0.307000	0.435687	1000	0.307000	0.307000	0.331920	
1000	0.336000	0.435687	1000	0.336000	0.336000	0.331932	
1000	0.373000	0.435687	1000	0.373000	0.373000	0.332051	
1000	0.338000	0.435687	1000	0.338000	0.338000	0.332069	
1000	0.318000	0.435687	1000	0.318000	0.318000	0.332028	
1000	0.297000	0.435687	1000	0.297000	0.297000	0.331927	
1000	0.330000	0.435687	1000	0.330000	0.330000	0.331921	
1000	0.334000	0.435687	1000	0.334000	0.334000	0.331927	
1000	0.321000	0.435687	1000	0.321000	0.321000	0.331896	
1000	0.350000	0.435687	1000	0.350000	0.350000	0.331948	
1000	0.333000	0.435687	1000	0.333000	0.333000	0.331951	
1000	0.307000	0.435687	1000	0.307000	0.307000	0.331880	
1000	0.352000	0.435687	1000	0.352000	0.352000	0.331937	
1000	0.317000	0.435687	1000	0.317000	0.317000	0.331895	
1000	0.299000	0.435687	1000	0.299000	0.299000	0.331802	
1000	0.320000	0.435687	1000	0.320000	0.320000	0.331769	
1000	0.322000	0.435687	1000	0.322000	0.322000	0.331742	
1000	0.309000	0.435687	1000	0.309000	0.309000	0.331679	
1000	0.350000	0.435687	1000	0.350000	0.350000	0.331730	
1000	0.285000	0.435687	1000	0.285000	0.285000	0.331600	
1000	0.334000	0.435687	1000	0.334000	0.334000	0.331607	
1000	0.357000	0.435687	1000	0.357000	0.357000	0.331677	
1000	0.340000	0.435687	1000	0.340000	0.340000	0.331700	
1000	0.343000	0.435687	1000	0.343000	0.343000	0.331731	
1000	0.305000	0.435687	1000	0.305000	0.305000	0.331658	
1000	0.372000	0.435687	1000	0.372000	0.372000	0.331767	
1000	0.322000	0.435687	1000	0.322000	0.322000	0.331741	
1000	0.344000	0.435687	1000	0.344000	0.344000	0.331774	
1000	0.341000	0.435687	1000	0.341000	0.341000	0.331799	
1000	0.339000	0.435687	1000	0.339000	0.339000	0.331819	
1000	0.345000	0.435687	1000	0.345000	0.345000	0.331854	
1000	0.332000	0.435687	1000	0.332000	0.332000	0.331854	
1000	0.346000	0.435687	1000	0.346000	0.346000	0.331892	
1000	0.335000	0.435687	1000	0.335000	0.335000	0.331900	
1000	0.306000	0.435687	1000	0.306000	0.306000	0.331832	
1000	0.348000	0.435687	1000	0.348000	0.348000	0.331874	
1000	0.334000	0.435687	1000	0.334000	0.334000	0.331880	
1000	0.333000	0.435687	1000	0.333000	0.333000	0.331883	
1000	0.296000	0.435687	1000	0.296000	0.296000	0.331789	
1000	0.338000	0.435687	1000	0.338000	0.338000	0.331805	
1000	0.337000	0.435687	1000	0.337000	0.337000	0.331819	
1000	0.364000	0.435687	1000	0.364000	0.364000	0.331903	
1000	0.342000	0.435687	1000	0.342000	0.342000	0.331929	
1000	0.371000	0.435687	1000	0.371000	0.371000	0.332030	
1000	0.344000	0.435687	1000	0.344000	0.344000	0.332061	
1000	0.349000	0.435687	1000	0.349000	0.349000	0.332105	
1000	0.336000	0.435687	1000	0.336000	0.336000	0.332115	
1000	0.343000	0.435687	1000	0.343000	0.343000	0.332143	
1000	0.328000	0.435687	1000	0.328000	0.328000	0.332132	
1000	0.306000	0.435687	1000	0.306000	0.306000	0.332066	
1000	0.291000	0.435687	1000	0.291000	0.291000	0.331961	
1000	0.354000	0.435687	1000	0.354000	0.354000	0.332017	
1000	0.345000	0.435687	1000	0.345000	0.345000	0.332050	
1000	0.294000	0.435687	1000	0.294000	0.294000	0.331954	
1000	0.336000	0.435687	1000	0.336000	0.336000	0.331964	
1000	0.283000	0.435687	1000	0.283000	0.283000	0.331840	
1000	0.358000	0.435687	1000	0.358000	0.358000	0.331906	
1000	0.282000	0.435687	1000	0.282000	0.282000	0.331781	
1000	0.309000	0.435687	1000	0.309000	0.309000	0.331724	
1000	0.348000	0.435687	1000	0.348000	0.348000	0.331765	
1000	0.315000	0.435687	1000	0.315000	0.315000	0.331723	
1000	0.313000	0.435687	1000	0.313000	0.313000	0.331677	
1000	0.347000	0.435687	1000	0.347000	0.347000	0.331715	
1000	0.305000	0.435687	1000	0.305000	0.305000	0.331649	
1000	0.348000	0.435687	1000	0.348000	0.348000	0.331689	
1000	0.342000	0.435687	1000	0.342000	0.342000	0.331714	
1000	0.321000	0.435687	1000	0.321000	0.321000	0.331688	
1000	0.329000	0.435687	1000	0.329000	0.329000	0.331681	
1000	0.370000	0.435687	1000	0.370000	0.370000	0.331775	
1000	0.365000	0.435687	1000	0.365000	0.365000	0.331856	
1000	0.320000	0.435687	1000	0.320000	0.320000	0.331827	
1000	0.329000	0.435687	1000	0.329000	0.329000	0.331820	
1000	0.306000	0.435687	1000	0.306000	0.306000	0.331758	
1000	0.304000	0.435687	1000	0.304000	0.304000	0.331691	
1000	0.307000	0.435687	1000	0.307000	0.307000	0.331631	
1000	0.360000	0.435687	1000	0.360000	0.360000	0.331699	
1000	0.355000	0.435687	1000	0.355000	0.355000	0.331755	
1000	0.323000	0.435687	1000	0.323000	0.323000	0.331734	
1000	0.315000	0.435687	1000	0.315000	0.315000	0.331694	
1000	0.338000	0.435687	1000	0.338000	0.338000	0.331709	
1000	0.331000	0.435687	1000	0.331000	0.331000	0.331708	
1000	0.317000	0.435687	1000	0.317000	0.317000	0.331673	
1000	0.305000	0.435687	1000	0.305000	0.305000	0.331610	
1000	0.348000	0.435687	1000	0.348000	0.348000	0.331649	
1000	0.323000	0.435687	1000	0.323000	0.323000	0.331628	
1000	0.335000	0.435687	1000	0.335000	0.335000	0.331636	
1000	0.367000	0.435687	1000	0.367000	0.367000	0.331719	
1000	0.361000	0.435687	1000	0.361000	0.361000	0.331787	
1000	0.325000	0.435687	1000	0.325000	0.325000	0.331771	
1000	0.370000	0.435687	1000	0.370000	0.370000	0.331860	
1000	0.321000	0.435687	1000	0.321000	0.321000	0.331835	
1000	0.310000	0.435687	1000	0.310000	0.310000	0.331784	
1000	0.310000	0.435687	1000	0.310000	0.310000	0.331734	
1000	0.360000	0.435687	1000	0.360000	0.360000	0.331799	
1000	0.314000	0.435687	1000	0.314000	0.314000	0.331758	
1000	0.349000	0.435687	1000	0.349000	0.349000	0.331798	
1000	0.305000	0.435687	1000	0.305000	0.305000	0.331737	
1000	0.333000	0.435687	1000	0.333000	0.333000	0.331740	
1000	0.299000	0.435687	1000	0.299000	0.299000	0.331665	
1000	0.315000	0.435687	1000	0.315000	0.315000	0.331627	
1000	0.299000	0.435687	1000	0.299000	0.299000	0.331554	
1000	0.303000	0.435687	1000	0.303000	0.303000	0.331489	
1000	0.304000	0.435687	1000	0.304000	0.304000	0.331427	
1000	0.270000	0.435687	1000	0.270000	0.270000	0.331289	
1000	0.286000	0.435687	1000	0.286000	0.286000	0.331188	
1000	0.311000	0.435687	1000	0.311000	0.311000	0.331142	
1000	0.314000	0.435687	1000	0.314000	0.314000	0.331104	
1000	0.323000	0.435687	1000	0.323000	0.323000	0.331086	
1000	0.373000	0.435687	1000	0.373000	0.373000	0.331179	
1000	0.312000	0.435687	1000	0.312000	0.312000	0.331137	
1000	0.335000	0.435687	1000	0.335000	0.335000	0.331145	
1000	0.297000	0.435687	1000	0.297000	0.297000	0.331070	
1000	0.322000	0.435687	1000	0.322000	0.322000	0.331050	
1000	0.359000	0.435687	1000	0.359000	0.359000	0.331111	
1000	0.302000	0.435687	1000	0.302000	0.302000	0.331048	
1000	0.317000	0.435687	1000	0.317000	0.317000	0.331017	
1000	0.343000	0.435687	1000	0.343000	0.343000	0.331043	
1000	0.337000	0.435687	1000	0.337000	0.337000	0.331056	
1000	0.359000	0.435687	1000	0.359000	0.359000	0.331117	
1000	0.341000	0.435687	1000	0.341000	0.341000	0.331138	
1000	0.306000	0.435687	1000	0.306000	0.306000	0.331084	
1000	0.251000	0.435687	1000	0.251000	0.251000	0.330911	
1000	0.356000	0.435687	1000	0.356000	0.356000	0.330965	
1000	0.327000	0.435687	1000	0.327000	0.327000	0.330956	
1000	0.331000	0.435687	1000	0.331000	0.331000	0.330956	
1000	0.330000	0.435687	1000	0.330000	0.330000	0.330954	
1000	0.352000	0.435687	1000	0.352000	0.352000	0.330999	
1000	0.337000	0.435687	1000	0.337000	0.337000	0.331012	
1000	0.338000	0.435687	1000	0.338000	0.338000	0.331027	
1000	0.259000	0.435687	1000	0.259000	0.259000	0.330874	
1000	0.323000	0.435687	1000	0.323000	0.323000	0.330857	
1000	0.336000	0.435687	1000	0.336000	0.336000	0.330868	
1000	0.316000	0.435687	1000	0.316000	0.316000	0.330837	
1000	0.350000	0.435687	1000	0.350000	0.350000	0.330877	
1000	0.317000	0.435687	1000	0.317000	0.317000	0.330848	
1000	0.343000	0.435687	1000	0.343000	0.343000	0.330874	
1000	0.351000	0.435687	1000	0.351000	0.351000	0.330916	
1000	0.325000	0.435687	1000	0.325000	0.325000	0.330903	
1000	0.287000	0.435687	1000	0.287000	0.287000	0.330812	
1000	0.326000	0.435687	1000	0.326000	0.326000	0.330802	
1000	0.306000	0.435687	1000	0.306000	0.306000	0.330750	
1000	0.347000	0.435687	1000	0.347000	0.347000	0.330784	
1000	0.317000	0.435687	1000	0.317000	0.317000	0.330756	
1000	0.318000	0.435687	1000	0.318000	0.318000	0.330729	
1000	0.317000	0.435687	1000	0.317000	0.317000	0.330701	
1000	0.326000	0.435687	1000	0.326000	0.326000	0.330691	
1000	0.402000	0.435687	1000	0.402000	0.402000	0.330837	
1000	0.304000	0.492648	1000	0.304000	0.304000	0.330783	
1000	0.276000	0.492648	1000	0.276000	0.276000	0.330671	
1000	0.271000	0.492648	1000	0.271000	0.271000	0.330549	
1000	0.300000	0.492648	1000	0.300000	0.300000	0.330487	
1000	0.292000	0.492648	1000	0.292000	0.292000	0.330409	
1000	0.261000	0.492648	1000	0.261000	0.261000	0.330269	
1000	0.267000	0.492648	1000	0.267000	0.267000	0.330141	
1000	0.289000	0.492648	1000	0.289000	0.289000	0.330058	
1000	0.284000	0.492648	1000	0.284000	0.284000	0.329965	
1000	0.307000	0.492648	1000	0.307000	0.307000	0.329919	
1000	0.312000	0.492648	1000	0.312000	0.312000	0.329883	
1000	0.281000	0.492648	1000	0.281000	0.281000	0.329785	
1000	0.289000	0.492648	1000	0.289000	0.289000	0.329704	
1000	0.296000	0.492648	1000	0.296000	0.296000	0.329637	
1000	0.286000	0.492648	1000	0.286000	0.286000	0.329550	
1000	0.298000	0.492648	1000	0.298000	0.298000	0.329487	
1000	0.256000	0.492648	1000	0.256000	0.256000	0.329342	
1000	0.283000	0.492648	1000	0.283000	0.283000	0.329250	
1000	0.289000	0.492648	1000	0.289000	0.289000	0.329171	
1000	0.283000	0.492648	1000	0.283000	0.283000	0.329080	
1000	0.285000	0.492648	1000	0.285000	0.285000	0.328993	
1000	0.250000	0.492648	1000	0.250000	0.250000	0.328839	
1000	0.265000	0.492648	1000	0.265000	0.265000	0.328714	
1000	0.262000	0.492648	1000	0.262000	0.262000	0.328583	
1000	0.266000	0.492648	1000	0.266000	0.266000	0.328461	
1000	0.262000	0.492648	1000	0.262000	0.262000	0.328332	
1000	0.284000	0.492648	1000	0.284000	0.284000	0.328246	
1000	0.274000	0.492648	1000	0.274000	0.274000	0.328141	
1000	0.266000	0.492648	1000	0.266000	0.266000	0.328021	
1000	0.285000	0.492648	1000	0.285000	0.285000	0.327938	
1000	0.270000	0.492648	1000	0.270000	0.270000	0.327826	
1000	0.277000	0.492648	1000	0.277000	0.277000	0.327728	
1000	0.285000	0.492648	1000	0.285000	0.285000	0.327646	
1000	0.271000	0.492648	1000	0.271000	0.271000	0.327538	
1000	0.279000	0.492648	1000	0.279000	0.279000	0.327445	
1000	0.255000	0.492648	1000	0.255000	0.255000	0.327307	
1000	0.301000	0.492648	1000	0.301000	0.301000	0.327257	
1000	0.297000	0.492648	1000	0.297000	0.297000	0.327199	
1000	0.258000	0.492648	1000	0.258000	0.258000	0.327068	
1000	0.267000	0.492648	1000	0.267000	0.267000	0.326954	
1000	0.244000	0.492648	1000	0.244000	0.244000	0.326797	
1000	0.247000	0.492648	1000	0.247000	0.247000	0.326647	
1000	0.279000	0.492648	1000	0.279000	0.279000	0.326557	
1000	0.286000	0.492648	1000	0.286000	0.286000	0.326481	
1000	0.302000	0.492648	1000	0.302000	0.302000	0.326435	
1000	0.282000	0.492648	1000	0.282000	0.282000	0.326351	
1000	0.305000	0.492648	1000	0.305000	0.305000	0.326312	
1000	0.325000	0.492648	1000	0.325000	0.325000	0.326309	
1000	0.282000	0.492648	1000	0.282000	0.282000	0.326227	
1000	0.286000	0.492648	1000	0.286000	0.286000	0.326152	
1000	0.308000	0.492648	1000	0.308000	0.308000	0.326118	
1000	0.304000	0.492648	1000	0.304000	0.304000	0.326077	
1000	0.276000	0.492648	1000	0.276000	0.276000	0.325985	
1000	0.267000	0.492648	1000	0.267000	0.267000	0.325876	
1000	0.267000	0.492648	1000	0.267000	0.267000	0.325767	
1000	0.298000	0.492648	1000	0.298000	0.298000	0.325716	
1000	0.268000	0.492648	1000	0.268000	0.268000	0.325610	
1000	0.285000	0.492648	1000	0.285000	0.285000	0.325536	
1000	0.262000	0.492648	1000	0.262000	0.262000	0.325420	
1000	0.284000	0.492648	1000	0.284000	0.284000	0.325344	
1000	0.282000	0.492648	1000	0.282000	0.282000	0.325265	
1000	0.275000	0.492648	1000	0.275000	0.275000	0.325174	
1000	0.263000	0.492648	1000	0.263000	0.263000	0.325061	
1000	0.299000	0.492648	1000	0.299000	0.299000	0.325014	
1000	0.275000	0.492648	1000	0.275000	0.275000	0.324923	
1000	0.279000	0.492648	1000	0.279000	0.279000	0.324841	
1000	0.274000	0.492648	1000	0.274000	0.274000	0.324749	
1000	0.278000	0.492648	1000	0.278000	0.278000	0.324665	
1000	0.305000	0.492648	1000	0.305000	0.305000	0.324630	
1000	0.284000	0.492648	1000	0.284000	0.284000	0.324557	
1000	0.319000	0.492648	1000	0.319000	0.319000	0.324547	
1000	0.296000	0.492648	1000	0.296000	0.296000	0.324496	
1000	0.264000	0.492648	1000	0.264000	0.264000	0.324388	
1000	0.268000	0.492648	1000	0.268000	0.268000	0.324288	
1000	0.299000	0.492648	1000	0.299000	0.299000	0.324243	
1000	0.298000	0.492648	1000	0.298000	0.298000	0.324196	
1000	0.253000	0.492648	1000	0.253000	0.253000	0.324070	
1000	0.332000	0.492648	1000	0.332000	0.332000	0.324084	
1000	0.250000	0.492648	1000	0.250000	0.250000	0.323954	
1000	0.230000	0.492648	1000	0.230000	0.230000	0.323788	
1000	0.249000	0.492648	1000	0.249000	0.249000	0.323657	
1000	0.259000	0.492648	1000	0.259000	0.259000	0.323543	
1000	0.287000	0.492648	1000	0.287000	0.287000	0.323479	
1000	0.287000	0.492648	1000	0.287000	0.287000	0.323416	
1000	0.281000	0.492648	1000	0.281000	0.281000	0.323341	
1000	0.258000	0.492648	1000	0.258000	0.258000	0.323228	
1000	0.277000	0.492648	1000	0.277000	0.277000	0.323147	
1000	0.279000	0.492648	1000	0.279000	0.279000	0.323071	
1000	0.259000	0.492648	1000	0.259000	0.259000	0.322960	
1000	0.258000	0.492648	1000	0.258000	0.258000	0.322847	
1000	0.252000	0.492648	1000	0.252000	0.252000	0.322725	
1000	0.284000	0.492648	1000	0.284000	0.284000	0.322658	
1000	0.294000	0.492648	1000	0.294000	0.294000	0.322609	
1000	0.281000	0.492648	1000	0.281000	0.281000	0.322537	
1000	0.274000	0.492648	1000	0.274000	0.274000	0.322454	
1000	0.267000	0.492648	1000	0.267000	0.267000	0.322359	
1000	0.289000	0.492648	1000	0.289000	0.289000	0.322302	
1000	0.255000	0.492648	1000	0.255000	0.255000	0.322187	
1000	0.287000	0.492648	1000	0.287000	0.287000	0.322127	
1000	0.288000	0.492648	1000	0.288000	0.288000	0.322069	
1000	0.275000	0.492648	1000	0.275000	0.275000	0.321989	
1000	0.289000	0.492648	1000	0.289000	0.289000	0.321933	
1000	0.262000	0.492648	1000	0.262000	0.262000	0.321832	
1000	0.328000	0.492648	1000	0.328000	0.328000	0.321842	
1000	0.308000	0.492648	1000	0.308000	0.308000	0.321819	
1000	0.287000	0.492648	1000	0.287000	0.287000	0.321760	
1000	0.282000	0.492648	1000	0.282000	0.282000	0.321694	
1000	0.272000	0.492648	1000	0.272000	0.272000	0.321610	
1000	0.264000	0.492648	1000	0.264000	0.264000	0.321514	
1000	0.276000	0.492648	1000	0.276000	0.276000	0.321438	
1000	0.291000	0.492648	1000	0.291000	0.291000	0.321387	
1000	0.306000	0.492648	1000	0.306000	0.306000	0.321361	
1000	0.293000	0.492648	1000	0.293000	0.293000	0.321314	
1000	0.284000	0.492648	1000	0.284000	0.284000	0.321252	
1000	0.229000	0.492648	1000	0.229000	0.229000	0.321099	
1000	0.292000	0.492648	1000	0.292000	0.292000	0.321051	
1000	0.263000	0.492648	1000	0.263000	0.263000	0.320955	
1000	0.278000	0.492648	1000	0.278000	0.278000	0.320884	
1000	0.255000	0.492648	1000	0.255000	0.255000	0.320775	
1000	0.265000	0.492648	1000	0.265000	0.265000	0.320684	
1000	0.261000	0.492648	1000	0.261000	0.261000	0.320586	
1000	0.265000	0.492648	1000	0.265000	0.265000	0.320495	
1000	0.261000	0.492648	1000	0.261000	0.261000	0.320397	
1000	0.280000	0.492648	1000	0.280000	0.280000	0.320331	
1000	0.269000	0.492648	1000	0.269000	0.269000	0.320247	
1000	0.275000	0.492648	1000	0.275000	0.275000	0.320174	
1000	0.287000	0.492648	1000	0.287000	0.287000	0.320120	
1000	0.257000	0.492648	1000	0.257000	0.257000	0.320017	
1000	0.278000	0.492648	1000	0.278000	0.278000	0.319949	
1000	0.306000	0.492648	1000	0.306000	0.306000	0.319927	
1000	0.290000	0.492648	1000	0.290000	0.290000	0.319878	
1000	0.319000	0.492648	1000	0.319000	0.319000	0.319877	
1000	0.267000	0.492648	1000	0.267000	0.267000	0.319792	
1000	0.257000	0.492648	1000	0.257000	0.257000	0.319691	
1000	0.231000	0.492648	1000	0.231000	0.231000	0.319548	
1000	0.268000	0.492648	1000	0.268000	0.268000	0.319466	
1000	0.255000	0.492648	1000	0.255000	0.255000	0.319363	
1000	0.284000	0.492648	1000	0.284000	0.284000	0.319306	
1000	0.281000	0.492648	1000	0.281000	0.281000	0.319245	
1000	0.270000	0.492648	1000	0.270000	0.270000	0.319167	
1000	0.270000	0.492648	1000	0.270000	0.270000	0.319089	
1000	0.252000	0.492648	1000	0.252000	0.252000	0.318982	
1000	0.261000	0.492648	1000	0.261000	0.261000	0.318890	
1000	0.251000	0.492648	1000	0.251000	0.251000	0.318783	
1000	0.254000	0.492648	1000	0.254000	0.254000	0.318680	
1000	0.199000	0.492648	1000	0.199000	0.199000	0.318492	
1000	0.483000	0.274511	1000	0.483000	0.483000	0.318751	
1000	0.367000	0.373380	1000	0.367000	0.367000	0.318827	
1000	0.365000	0.373380	1000	0.365000	0.365000	0.318899	
1000	0.408000	0.373380	1000	0.408000	0.408000	0.319039	
1000	0.165000	0.628510	1000	0.165000	0.165000	0.318798	
1000	0.230000	0.561059	1000	0.230000	0.230000	0.318659	
1000	0.224000	0.561059	1000	0.224000	0.224000	0.318511	
1000	0.179000	0.561059	1000	0.179000	0.179000	0.318294	
1000	0.494000	0.288261	1000	0.494000	0.494000	0.318567	
1000	0.320000	0.432190	1000	0.320000	0.320000	0.318569	
1000	0.290000	0.432190	1000	0.290000	0.290000	0.318525	
1000	0.259000	0.432190	1000	0.259000	0.259000	0.318433	
1000	0.338000	0.432190	1000	0.338000	0.338000	0.318463	
1000	0.324000	0.432190	1000	0.324000	0.324000	0.318472	
1000	0.327000	0.432190	1000	0.327000	0.327000	0.318485	
1000	0.367000	0.432190	1000	0.367000	0.367000	0.318560	
1000	0.354000	0.432190	1000	0.354000	0.354000	0.318614	
1000	0.355000	0.432190	1000	0.355000	0.355000	0.318670	
1000	0.337000	0.432190	1000	0.337000	0.337000	0.318698	
1000	0.340000	0.432190	1000	0.340000	0.340000	0.318730	
1000	0.349000	0.432190	1000	0.349000	0.349000	0.318777	
1000	0.335000	0.432190	1000	0.335000	0.335000	0.318801	
1000	0.341000	0.432190	1000	0.341000	0.341000	0.318835	
1000	0.327000	0.432190	1000	0.327000	0.327000	0.318848	
1000	0.351000	0.432190	1000	0.351000	0.351000	0.318896	
1000	0.358000	0.432190	1000	0.358000	0.358000	0.318956	
1000	0.312000	0.432190	1000	0.312000	0.312000	0.318945	
1000	0.342000	0.432190	1000	0.342000	0.342000	0.318980	
1000	0.330000	0.432190	1000	0.330000	0.330000	0.318997	
1000	0.345000	0.432190	1000	0.345000	0.345000	0.319036	
1000	0.353000	0.432190	1000	0.353000	0.353000	0.319087	
1000	0.328000	0.432190	1000	0.328000	0.328000	0.319100	
1000	0.361000	0.432190	1000	0.361000	0.361000	0.319163	
1000	0.347000	0.432190	1000	0.347000	0.347000	0.319205	
1000	0.334000	0.432190	1000	0.334000	0.334000	0.319227	
1000	0.353000	0.432190	1000	0.353000	0.353000	0.319277	
1000	0.326000	0.432190	1000	0.326000	0.326000	0.319287	
1000	0.347000	0.432190	1000	0.347000	0.347000	0.319328	
1000	0.318000	0.432190	1000	0.318000	0.318000	0.319326	
1000	0.308000	0.432190	1000	0.308000	0.308000	0.319310	
1000	0.350000	0.432190	1000	0.350000	0.350000	0.319355	
1000	0.323000	0.432190	1000	0.323000	0.323000	0.319360	
1000	0.296000	0.432190	1000	0.296000	0.296000	0.319326	
1000	0.332000	0.432190	1000	0.332000	0.332000	0.319345	
1000	0.370000	0.432190	1000	0.370000	0.370000	0.319419	
1000	0.342000	0.432190	1000	0.342000	0.342000	0.319452	
1000	0.333000	0.432190	1000	0.333000	0.333000	0.319472	
1000	0.311000	0.432190	1000	0.311000	0.311000	0.319460	
1000	0.335000	0.432190	1000	0.335000	0.335000	0.319483	
1000	0.339000	0.432190	1000	0.339000	0.339000	0.319511	
1000	0.310000	0.432190	1000	0.310000	0.310000	0.319497	
1000	0.364000	0.432190	1000	0.364000	0.364000	0.319562	
1000	0.363000	0.432190	1000	0.363000	0.363000	0.319625	
1000	0.351000	0.432190	1000	0.351000	0.351000	0.319671	
1000	0.376000	0.432190	1000	0.376000	0.376000	0.319753	
1000	0.350000	0.432190	1000	0.350000	0.350000	0.319797	
1000	0.321000	0.432190	1000	0.321000	0.321000	0.319798	
1000	0.336000	0.432190	1000	0.336000	0.336000	0.319822	
1000	0.339000	0.432190	1000	0.339000	0.339000	0.319849	
1000	0.315000	0.432190	1000	0.315000	0.315000	0.319842	
1000	0.359000	0.432190	1000	0.359000	0.359000	0.319899	
1000	0.355000	0.432190	1000	0.355000	0.355000	0.319949	
1000	0.312000	0.432190	1000	0.312000	0.312000	0.319938	
1000	0.262000	0.432190	1000	0.262000	0.262000	0.319855	
1000	0.323000	0.432190	1000	0.323000	0.323000	0.319859	
1000	0.344000	0.432190	1000	0.344000	0.344000	0.319894	
1000	0.304000	0.432190	1000	0.304000	0.304000	0.319871	
1000	0.295000	0.432190	1000	0.295000	0.295000	0.319836	
1000	0.349000	0.432190	1000	0.349000	0.349000	0.319877	
1000	0.376000	0.432190	1000	0.376000	0.376000	0.319957	
1000	0.299000	0.432190	1000	0.299000	0.299000	0.319927	
1000	0.329000	0.432190	1000	0.329000	0.329000	0.319940	
1000	0.332000	0.432190	1000	0.332000	0.332000	0.319957	
1000	0.322000	0.432190	1000	0.322000	0.322000	0.319960	
1000	0.272000	0.432190	1000	0.272000	0.272000	0.319892	
1000	0.351000	0.432190	1000	0.351000	0.351000	0.319936	
1000	0.341000	0.432190	1000	0.341000	0.341000	0.319966	
1000	0.344000	0.432190	1000	0.344000	0.344000	0.320000	
1000	0.327000	0.432190	1000	0.327000	0.327000	0.320009	
1000	0.336000	0.432190	1000	0.336000	0.336000	0.320032	
1000	0.350000	0.432190	1000	0.350000	0.350000	0.320074	
1000	0.337000	0.432190	1000	0.337000	0.337000	0.320097	
1000	0.357000	0.432190	1000	0.357000	0.357000	0.320149	
1000	0.337000	0.432190	1000	0.337000	0.337000	0.320172	
1000	0.292000	0.432190	1000	0.292000	0.292000	0.320133	
1000	0.294000	0.432190	1000	0.294000	0.294000	0.320097	
1000	0.332000	0.432190	1000	0.332000	0.332000	0.320113	
1000	0.350000	0.432190	1000	0.350000	0.350000	0.320155	
1000	0.336000	0.432190	1000	0.336000	0.336000	0.320177	
1000	0.328000	0.432190	1000	0.328000	0.328000	0.320187	
1000	0.340000	0.432190	1000	0.340000	0.340000	0.320215	
1000	0.345000	0.432190	1000	0.345000	0.345000	0.320249	
1000	0.374000	0.432190	1000	0.374000	0.374000	0.320323	
1000	0.363000	0.432190	1000	0.363000	0.363000	0.320381	
1000	0.279000	0.432190	1000	0.279000	0.279000	0.320325	
1000	0.324000	0.432190	1000	0.324000	0.324000	0.320330	
1000	0.364000	0.432190	1000	0.364000	0.364000	0.320389	
1000	0.322000	0.432190	1000	0.322000	0.322000	0.320392	
1000	0.349000	0.432190	1000	0.349000	0.349000	0.320431	
1000	0.365000	0.432190	1000	0.365000	0.365000	0.320491	
1000	0.314000	0.432190	1000	0.314000	0.314000	0.320483	
1000	0.279000	0.432190	1000	0.279000	0.279000	0.320426	
1000	0.268000	0.432190	1000	0.268000	0.268000	0.320355	
1000	0.293000	0.432190	1000	0.293000	0.293000	0.320318	
1000	0.246000	0.432190	1000	0.246000	0.246000	0.320217	
1000	0.277000	0.432190	1000	0.277000	0.277000	0.320159	
1000	0.342000	0.432190	1000	0.342000	0.342000	0.320189	
1000	0.324000	0.432190	1000	0.324000	0.324000	0.320194	
1000	0.334000	0.432190	1000	0.334000	0.334000	0.320212	
1000	0.350000	0.432190	1000	0.350000	0.350000	0.320252	
1000	0.358000	0.432190	1000	0.358000	0.358000	0.320303	
1000	0.327000	0.432190	1000	0.327000	0.327000	0.320312	
1000	0.316000	0.432190	1000	0.316000	0.316000	0.320306	
1000	0.335000	0.432190	1000	0.335000	0.335000	0.320326	
1000	0.321000	0.432190	1000	0.321000	0.321000	0.320327	
1000	0.330000	0.432190	1000	0.330000	0.330000	0.320340	
1000	0.299000	0.432190	1000	0.299000	0.299000	0.320311	
1000	0.321000	0.432190	1000	0.321000	0.321000	0.320312	
1000	0.304000	0.432190	1000	0.304000	0.304000	0.320290	
1000	0.297000	0.432190	1000	0.297000	0.297000	0.320260	
1000	0.320000	0.432190	1000	0.320000	0.320000	0.320259	
1000	0.301000	0.432190	1000	0.301000	0.301000	0.320234	
1000	0.350000	0.432190	1000	0.350000	0.350000	0.320273	
1000	0.341000	0.432190	1000	0.341000	0.341000	0.320300	
1000	0.349000	0.432190	1000	0.349000	0.349000	0.320338	
1000	0.329000	0.432190	1000	0.329000	0.329000	0.320350	
1000	0.313000	0.432190	1000	0.313000	0.313000	0.320340	
1000	0.314000	0.432190	1000	0.314000	0.314000	0.320332	
1000	0.326000	0.432190	1000	0.326000	0.326000	0.320339	
1000	0.326000	0.432190	1000	0.326000	0.326000	0.320346	
1000	0.313000	0.432190	1000	0.313000	0.313000	0.320337	
1000	0.331000	0.432190	1000	0.331000	0.331000	0.320351	
1000	0.333000	0.432190	1000	0.333000	0.333000	0.320367	
1000	0.348000	0.432190	1000	0.348000	0.348000	0.320403	
1000	0.361000	0.432190	1000	0.361000	0.361000	0.320456	
1000	0.299000	0.432190	1000	0.299000	0.299000	0.320428	
1000	0.358000	0.432190	1000	0.358000	0.358000	0.320477	
1000	0.357000	0.432190	1000	0.357000	0.357000	0.320524	
1000	0.352000	0.432190	1000	0.352000	0.352000	0.320565	
1000	0.319000	0.432190	1000	0.319000	0.319000	0.320563	
1000	0.260000	0.432190	1000	0.260000	0.260000	0.320485	
1000	0.321000	0.432190	1000	0.321000	0.321000	0.320485	
1000	0.337000	0.432190	1000	0.337000	0.337000	0.320507	
1000	0.311000	0.432190	1000	0.311000	0.311000	0.320494	
1000	0.377000	0.432190	1000	0.377000	0.377000	0.320567	
1000	0.340000	0.432190	1000	0.340000	0.340000	0.320592	
1000	0.354000	0.432190	1000	0.354000	0.354000	0.320635	
1000	0.357000	0.432190	1000	0.357000	0.357000	0.320681	
1000	0.324000	0.432190	1000	0.324000	0.324000	0.320685	
1000	0.334000	0.432190	1000	0.334000	0.334000	0.320702	
1000	0.337000	0.432190	1000	0.337000	0.337000	0.320723	
1000	0.336000	0.432190	1000	0.336000	0.336000	0.320743	
1000	0.294000	0.432190	1000	0.294000	0.294000	0.320709	
1000	0.309000	0.432190	1000	0.309000	0.309000	0.320694	
1000	0.334000	0.432190	1000	0.334000	0.334000	0.320711	
1000	0.320000	0.432190	1000	0.320000	0.320000	0.320710	
1000	0.352000	0.432190	1000	0.352000	0.352000	0.320749	
1000	0.339000	0.432190	1000	0.339000	0.339000	0.320772	
1000	0.376000	0.432190	1000	0.376000	0.376000	0.320842	
1000	0.370000	0.432190	1000	0.370000	0.370000	0.320904	
1000	0.326000	0.432190	1000	0.326000	0.326000	0.320910	
1000	0.338000	0.432190	1000	0.338000	0.338000	0.320932	
1000	0.329000	0.432190	1000	0.329000	0.329000	0.320942	
1000	0.365000	0.432190	1000	0.365000	0.365000	0.320997	
1000	0.347000	0.432190	1000	0.347000	0.347000	0.321030	
1000	0.346000	0.432190	1000	0.346000	0.346000	0.321061	
1000	0.335000	0.432190	1000	0.335000	0.335000	0.321078	
1000	0.312000	0.432190	1000	0.312000	0.312000	0.321067	
1000	0.306000	0.432190	1000	0.306000	0.306000	0.321048	
1000	0.354000	0.432190	1000	0.354000	0.354000	0.321089	
1000	0.385000	0.432190	1000	0.385000	0.385000	0.321169	
1000	0.350000	0.432190	1000	0.350000	0.350000	0.321204	
1000	0.328000	0.432190	1000	0.328000	0.328000	0.321213	
1000	0.308000	0.432190	1000	0.308000	0.308000	0.321196	
1000	0.326000	0.432190	1000	0.326000	0.326000	0.321202	
1000	0.312000	0.432190	1000	0.312000	0.312000	0.321191	
1000	0.356000	0.432190	1000	0.356000	0.356000	0.321234	
1000	0.314000	0.432190	1000	0.314000	0.314000	0.321225	
1000	0.340000	0.432190	1000	0.340000	0.340000	0.321248	
1000	0.277000	0.432190	1000	0.277000	0.277000	0.321194	
1000	0.336000	0.432190	1000	0.336000	0.336000	0.321212	
1000	0.346000	0.432190	1000	0.346000	0.346000	0.321242	
1000	0.336000	0.432190	1000	0.336000	0.336000	0.321260	
1000	0.290000	0.432190	1000	0.290000	0.290000	0.321222	
1000	0.326000	0.432190	1000	0.326000	0.326000	0.321228	
1000	0.341000	0.432190	1000	0.341000	0.341000	0.321252	
1000	0.337000	0.432190	1000	0.337000	0.337000	0.321271	
1000	0.290000	0.432190	1000	0.290000	0.290000	0.321233	
1000	0.364000	0.432190	1000	0.364000	0.364000	0.321285	
1000	0.297000	0.432190	1000	0.297000	0.297000	0.321256	
1000	0.328000	0.432190	1000	0.328000	0.328000	0.321264	
1000	0.330000	0.432190	1000	0.330000	0.330000	0.321274	
1000	0.307000	0.432190	1000	0.307000	0.307000	0.321257	
1000	0.377000	0.432190	1000	0.377000	0.377000	0.321324	
1000	0.366000	0.432190	1000	0.366000	0.366000	0.321378	
1000	0.339000	0.432190	1000	0.339000	0.339000	0.321400	
1000	0.319000	0.432190	1000	0.319000	0.319000	0.321397	
1000	0.356000	0.432190	1000	0.356000	0.356000	0.321438	
1000	0.326000	0.432190	1000	0.326000	0.326000	0.321444	
1000	0.344000	0.432190	1000	0.344000	0.344000	0.321471	
1000	0.338000	0.432190	1000	0.338000	0.338000	0.321491	
1000	0.309000	0.432190	1000	0.309000	0.309000	0.321476	
1000	0.292000	0.432190	1000	0.292000	0.292000	0.321440	
1000	0.379000	0.432190	1000	0.379000	0.379000	0.321509	
1000	0.338000	0.432190	1000	0.338000	0.338000	0.321529	
1000	0.361000	0.432190	1000	0.361000	0.361000	0.321576	
1000	0.326000	0.432190	1000	0.326000	0.326000	0.321581	
1000	0.313000	0.432190	1000	0.313000	0.313000	0.321571	
1000	0.346000	0.432190	1000	0.346000	0.346000	0.321600	
1000	0.335000	0.432190	1000	0.335000	0.335000	0.321616	
1000	0.344000	0.432190	1000	0.344000	0.344000	0.321642	
1000	0.338000	0.432190	1000	0.338000	0.338000	0.321662	
1000	0.375000	0.432190	1000	0.375000	0.375000	0.321725	
1000	0.318000	0.432190	1000	0.318000	0.318000	0.321720	
1000	0.322000	0.432190	1000	0.322000	0.322000	0.321720	
1000	0.337000	0.432190	1000	0.337000	0.337000	0.321738	
1000	0.346000	0.432190	1000	0.346000	0.346000	0.321767	
1000	0.338000	0.432190	1000	0.338000	0.338000	0.321786	
1000	0.315000	0.432190	1000	0.315000	0.315000	0.321778	
1000	0.351000	0.432190	1000	0.351000	0.351000	0.321812	
1000	0.334000	0.432190	1000	0.334000	0.334000	0.321827	
1000	0.344000	0.432190	1000	0.344000	0.344000	0.321852	
1000	0.318000	0.432190	1000	0.318000	0.318000	0.321848	
1000	0.329000	0.432190	1000	0.329000	0.329000	0.321856	
1000	0.364000	0.432190	1000	0.364000	0.364000	0.321905	
1000	0.361000	0.432190	1000	0.361000	0.361000	0.321951	
1000	0.372000	0.432190	1000	0.372000	0.372000	0.322009	
1000	0.298000	0.432190	1000	0.298000	0.298000	0.321981	
1000	0.319000	0.432190	1000	0.319000	0.319000	0.321978	
1000	0.293000	0.432190	1000	0.293000	0.293000	0.321944	
1000	0.322000	0.432190	1000	0.322000	0.322000	0.321944	
1000	0.328000	0.432190	1000	0.328000	0.328000	0.321951	
1000	0.361000	0.432190	1000	0.361000	0.361000	0.321996	
1000	0.284000	0.432190	1000	0.284000	0.284000	0.321952	
1000	0.364000	0.432190	1000	0.364000	0.364000	0.322001	
1000	0.262000	0.432190	1000	0.262000	0.262000	0.321932	
1000	0.348000	0.432190	1000	0.348000	0.348000	0.321962	
1000	0.353000	0.432190	1000	0.353000	0.353000	0.321997	
1000	0.364000	0.432190	1000	0.364000	0.364000	0.322045	
1000	0.329000	0.432190	1000	0.329000	0.329000	0.322053	
1000	0.340000	0.432190	1000	0.340000	0.340000	0.322074	
1000	0.348000	0.432190	1000	0.348000	0.348000	0.322104	
1000	0.326000	0.432190	1000	0.326000	0.326000	0.322108	
1000	0.320000	0.432190	1000	0.320000	0.320000	0.322106	
1000	0.363000	0.432190	1000	0.363000	0.363000	0.322152	
1000	0.324000	0.432190	1000	0.324000	0.324000	0.322154	
1000	0.290000	0.432190	1000	0.290000	0.290000	0.322118	
1000	0.316000	0.432190	1000	0.316000	0.316000	0.322111	
1000	0.334000	0.432190	1000	0.334000	0.334000	0.322124	
1000	0.333000	0.432190	1000	0.333000	0.333000	0.322137	
1000	0.351000	0.432190	1000	0.351000	0.351000	0.322169	
1000	0.318000	0.432190	1000	0.318000	0.318000	0.322164	
1000	0.314000	0.432190	1000	0.314000	0.314000	0.322155	
1000	0.286000	0.432190	1000	0.286000	0.286000	0.322115	
1000	0.361000	0.432190	1000	0.361000	0.361000	0.322158	
1000	0.335000	0.432190	1000	0.335000	0.335000	0.322173	
1000	0.334000	0.432190	1000	0.334000	0.334000	0.322186	
1000	0.333000	0.432190	1000	0.333000	0.333000	0.322198	
1000	0.299000	0.432190	1000	0.299000	0.299000	0.322172	
1000	0.309000	0.432190	1000	0.309000	0.309000	0.322157	
1000	0.347000	0.432190	1000	0.347000	0.347000	0.322185	
1000	0.309000	0.432190	1000	0.309000	0.309000	0.322170	
1000	0.318000	0.432190	1000	0.318000	0.318000	0.322166	
1000	0.344000	0.432190	1000	0.344000	0.344000	0.322190	
1000	0.301000	0.432190	1000	0.301000	0.301000	0.322166	
1000	0.304000	0.432190	1000	0.304000	0.304000	0.322146	
1000	0.323000	0.432190	1000	0.323000	0.323000	0.322147	
1000	0.344000	0.432190	1000	0.344000	0.344000	0.322171	
1000	0.327000	0.432190	1000	0.327000	0.327000	0.322177	
1000	0.319000	0.432190	1000	0.319000	0.319000	0.322173	
1000	0.333000	0.432190	1000	0.333000	0.333000	0.322185	
1000	0.327000	0.432190	1000	0.327000	0.327000	0.322191	
1000	0.358000	0.432190	1000	0.358000	0.358000	0.322230	
1000	0.326000	0.432190	1000	0.326000	0.326000	0.322234	
1000	0.312000	0.432190	1000	0.312000	0.312000	0.322223	
1000	0.291000	0.432190	1000	0.291000	0.291000	0.322189	
1000	0.329000	0.432190	1000	0.329000	0.329000	0.322196	
1000	0.298000	0.432190	1000	0.298000	0.298000	0.322170	
1000	0.376000	0.432190	1000	0.376000	0.376000	0.322229	
1000	0.335000	0.432190	1000	0.335000	0.335000	0.322243	
1000	0.360000	0.432190	1000	0.360000	0.360000	0.322284	
1000	0.326000	0.432190	1000	0.326000	0.326000	0.322288	
1000	0.316000	0.432190	1000	0.316000	0.316000	0.322281	
1000	0.334000	0.432190	1000	0.334000	0.334000	0.322294	
1000	0.345000	0.432190	1000	0.345000	0.345000	0.322318	
1000	0.325000	0.432190	1000	0.325000	0.325000	0.322321	
1000	0.325000	0.432190	1000	0.325000	0.325000	0.322324	
1000	0.331000	0.432190	1000	0.331000	0.331000	0.322334	
1000	0.307000	0.432190	1000	0.307000	0.307000	0.322317	
1000	0.374000	0.432190	1000	0.374000	0.374000	0.322373	
1000	0.334000	0.432190	1000	0.334000	0.334000	0.322386	
1000	0.352000	0.432190	1000	0.352000	0.352000	0.322418	
1000	0.331000	0.432190	1000	0.331000	0.331000	0.322427	
1000	0.329000	0.432190	1000	0.329000	0.329000	0.322434	
1000	0.304000	0.432190	1000	0.304000	0.304000	0.322414	
1000	0.340000	0.432190	1000	0.340000	0.340000	0.322433	
1000	0.333000	0.432190	1000	0.333000	0.333000	0.322444	
1000	0.344000	0.432190	1000	0.344000	0.344000	0.322467	
1000	0.317000	0.432190	1000	0.317000	0.317000	0.322462	
1000	0.339000	0.432190	1000	0.339000	0.339000	0.322479	
1000	0.365000	0.432190	1000	0.365000	0.365000	0.322525	
1000	0.327000	0.432190	1000	0.327000	0.327000	0.322530	
1000	0.324000	0.432190	1000	0.324000	0.324000	0.322531	
1000	0.333000	0.432190	1000	0.333000	0.333000	0.322542	
1000	0.314000	0.432190	1000	0.314000	0.314000	0.322533	
1000	0.329000	0.432190	1000	0.329000	0.329000	0.322540	
1000	0.333000	0.432190	1000	0.333000	0.333000	0.322551	
1000	0.343000	0.432190	1000	0.343000	0.343000	0.322573	
1000	0.362000	0.432190	1000	0.362000	0.362000	0.322615	
1000	0.384000	0.432190	1000	0.384000	0.384000	0.322680	
1000	0.322000	0.432190	1000	0.322000	0.322000	0.322679	
1000	0.343000	0.432190	1000	0.343000	0.343000	0.322701	
1000	0.358000	0.432190	1000	0.358000	0.358000	0.322738	
1000	0.358000	0.432190	1000	0.358000	0.358000	0.322775	
1000	0.344000	0.432190	1000	0.344000	0.344000	0.322797	
1000	0.358000	0.432190	1000	0.358000	0.358000	0.322834	
1000	0.325000	0.432190	1000	0.325000	0.325000	0.322837	
1000	0.302000	0.432190	1000	0.302000	0.302000	0.322815	
1000	0.369000	0.432190	1000	0.369000	0.369000	0.322863	
1000	0.319000	0.432190	1000	0.319000	0.319000	0.322859	
1000	0.344000	0.432190	1000	0.344000	0.344000	0.322881	
1000	0.326000	0.432190	1000	0.326000	0.326000	0.322885	
1000	0.334000	0.432190	1000	0.334000	0.334000	0.322896	
1000	0.352000	0.432190	1000	0.352000	0.352000	0.322927	
1000	0.359000	0.432190	1000	0.359000	0.359000	0.322964	
1000	0.351000	0.432190	1000	0.351000	0.351000	0.322993	
1000	0.317000	0.432190	1000	0.317000	0.317000	0.322987	
1000	0.337000	0.432190	1000	0.337000	0.337000	0.323002	
1000	0.340000	0.432190	1000	0.340000	0.340000	0.323019	
1000	0.321000	0.432190	1000	0.321000	0.321000	0.323017	
1000	0.301000	0.432190	1000	0.301000	0.301000	0.322994	
1000	0.326000	0.432190	1000	0.326000	0.326000	0.322998	
1000	0.323000	0.432190	1000	0.323000	0.323000	0.322998	
1000	0.331000	0.432190	1000	0.331000	0.331000	0.323006	
1000	0.377000	0.432190	1000	0.377000	0.377000	0.323062	
1000	0.340000	0.432190	1000	0.340000	0.340000	0.323079	
1000	0.318000	0.432190	1000	0.318000	0.318000	0.323074	
1000	0.336000	0.432190	1000	0.336000	0.336000	0.323087	
1000	0.348000	0.432190	1000	0.348000	0.348000	0.323113	
1000	0.340000	0.432190	1000	0.340000	0.340000	0.323130	
1000	0.369000	0.432190	1000	0.369000	0.369000	0.323177	
1000	0.315000	0.432190	1000	0.315000	0.315000	0.323169	
1000	0.328000	0.432190	1000	0.328000	0.328000	0.323174	
1000	0.313000	0.432190	1000	0.313000	0.313000	0.323163	
1000	0.359000	0.432190	1000	0.359000	0.359000	0.323200	
1000	0.327000	0.432190	1000	0.327000	0.327000	0.323204	
1000	0.328000	0.432190	1000	0.328000	0.328000	0.323209	
1000	0.329000	0.432190	1000	0.329000	0.329000	0.323215	
1000	0.322000	0.432190	1000	0.322000	0.322000	0.323213	
1000	0.380000	0.432190	1000	0.380000	0.380000	0.323271	
1000	0.278000	0.432190	1000	0.278000	0.278000	0.323225	
1000	0.283000	0.432190	1000	0.283000	0.283000	0.323184	
1000	0.345000	0.432190	1000	0.345000	0.345000	0.323206	
1000	0.317000	0.432190	1000	0.317000	0.317000	0.323200	
1000	0.349000	0.432190	1000	0.349000	0.349000	0.323226	
1000	0.345000	0.432190	1000	0.345000	0.345000	0.323248	
1000	0.357000	0.432190	1000	0.357000	0.357000	0.323282	
1000	0.329000	0.432190	1000	0.329000	0.329000	0.323288	
1000	0.348000	0.432190	1000	0.348000	0.348000	0.323313	
1000	0.314000	0.432190	1000	0.314000	0.314000	0.323303	
1000	0.366000	0.432190	1000	0.366000	0.366000	0.323346	
1000	0.335000	0.432190	1000	0.335000	0.335000	0.323358	
1000	0.327000	0.432190	1000	0.327000	0.327000	0.323362	
1000	0.332000	0.432190	1000	0.332000	0.332000	0.323370	
1000	0.351000	0.432190	1000	0.351000	0.351000	0.323398	
1000	0.347000	0.432190	1000	0.347000	0.347000	0.323422	
1000	0.330000	0.432190	1000	0.330000	0.330000	0.323428	
1000	0.364000	0.432190	1000	0.364000	0.364000	0.323469	
1000	0.274000	0.432190	1000	0.274000	0.274000	0.323419	
1000	0.325000	0.432190	1000	0.325000	0.325000	0.323421	
1000	0.320000	0.432190	1000	0.320000	0.320000	0.323418	
1000	0.321000	0.432190	1000	0.321000	0.321000	0.323415	
1000	0.324000	0.432190	1000	0.324000	0.324000	0.323416	
1000	0.286000	0.432190	1000	0.286000	0.286000	0.323379	
1000	0.326000	0.432190	1000	0.326000	0.326000	0.323381	
1000	0.341000	0.432190	1000	0.341000	0.341000	0.323399	
1000	0.311000	0.432190	1000	0.311000	0.311000	0.323386	
1000	0.345000	0.432190	1000	0.345000	0.345000	0.323408	
1000	0.322000	0.432190	1000	0.322000	0.322000	0.323406	
1000	0.342000	0.432190	1000	0.342000	0.342000	0.323425	
1000	0.359000	0.432190	1000	0.359000	0.359000	0.323460	
1000	0.303000	0.432190	1000	0.303000	0.303000	0.323440	
1000	0.334000	0.432190	1000	0.334000	0.334000	0.323450	
1000	0.318000	0.432190	1000	0.318000	0.318000	0.323445	
1000	0.337000	0.432190	1000	0.337000	0.337000	0.323458	
1000	0.343000	0.432190	1000	0.343000	0.343000	0.323477	
1000	0.375000	0.432190	1000	0.375000	0.375000	0.323528	
1000	0.319000	0.432190	1000	0.319000	0.319000	0.323523	
1000	0.369000	0.432190	1000	0.369000	0.369000	0.323568	
1000	0.343000	0.432190	1000	0.343000	0.343000	0.323587	
1000	0.309000	0.432190	1000	0.309000	0.309000	0.323572	
1000	0.334000	0.432190	1000	0.334000	0.334000	0.323583	
1000	0.350000	0.432190	1000	0.350000	0.350000	0.323608	
1000	0.356000	0.432190	1000	0.356000	0.356000	0.323640	
1000	0.375000	0.432190	1000	0.375000	0.375000	0.323690	
1000	0.357000	0.432190	1000	0.357000	0.357000	0.323722	
1000	0.330000	0.432190	1000	0.330000	0.330000	0.323728	
1000	0.340000	0.432190	1000	0.340000	0.340000	0.323744	
1000	0.346000	0.432190	1000	0.346000	0.346000	0.323765	
1000	0.368000	0.432190	1000	0.368000	0.368000	0.323808	
1000	0.354000	0.432190	1000	0.354000	0.354000	0.323837	
1000	0.291000	0.432190	1000	0.291000	0.291000	0.323806	
1000	0.341000	0.432190	1000	0.341000	0.341000	0.323822	
1000	0.330000	0.432190	1000	0.330000	0.330000	0.323828	
1000	0.314000	0.432190	1000	0.314000	0.314000	0.323819	
1000	0.358000	0.432190	1000	0.358000	0.358000	0.323852	
1000	0.323000	0.432190	1000	0.323000	0.323000	0.323851	
1000	0.357000	0.432190	1000	0.357000	0.357000	0.323883	
1000	0.334000	0.432190	1000	0.334000	0.334000	0.323892	
1000	0.351000	0.432190	1000	0.351000	0.351000	0.323918	
1000	0.365000	0.432190	1000	0.365000	0.365000	0.323958	
1000	0.352000	0.432190	1000	0.352000	0.352000	0.323984	
1000	0.364000	0.432190	1000	0.364000	0.364000	0.324023	
1000	0.347000	0.432190	1000	0.347000	0.347000	0.324045	
1000	0.330000	0.432190	1000	0.330000	0.330000	0.324050	
1000	0.304000	0.432190	1000	0.304000	0.304000	0.324031	
1000	0.329000	0.432190	1000	0.329000	0.329000	0.324036	
1000	0.336000	0.432190	1000	0.336000	0.336000	0.324047	
1000	0.352000	0.432190	1000	0.352000	0.352000	0.324074	
1000	0.357000	0.432190	1000	0.357000	0.357000	0.324105	
1000	0.319000	0.432190	1000	0.319000	0.319000	0.324100	
1000	0.328000	0.432190	1000	0.328000	0.328000	0.324104	
1000	0.321000	0.432190	1000	0.321000	0.321000	0.324101	
1000	0.330000	0.432190	1000	0.330000	0.330000	0.324106	
1000	0.306000	0.432190	1000	0.306000	0.306000	0.324089	
1000	0.330000	0.432190	1000	0.330000	0.330000	0.324095	
1000	0.289000	0.432190	1000	0.289000	0.289000	0.324062	
1000	0.349000	0.432190	1000	0.349000	0.349000	0.324085	
1000	0.298000	0.432190	1000	0.298000	0.298000	0.324061	
1000	0.345000	0.432190	1000	0.345000	0.345000	0.324081	
1000	0.334000	0.432190	1000	0.334000	0.334000	0.324090	
1000	0.308000	0.432190	1000	0.308000	0.308000	0.324075	
1000	0.298000	0.432190	1000	0.298000	0.298000	0.324050	
1000	0.367000	0.432190	1000	0.367000	0.367000	0.324091	
1000	0.335000	0.432190	1000	0.335000	0.335000	0.324101	
1000	0.310000	0.432190	1000	0.310000	0.310000	0.324088	
1000	0.313000	0.432190	1000	0.313000	0.313000	0.324077	
1000	0.375000	0.432190	1000	0.375000	0.375000	0.324125	
1000	0.356000	0.432190	1000	0.356000	0.356000	0.324154	
1000	0.306000	0.432190	1000	0.306000	0.306000	0.324138	
1000	0.332000	0.432190	1000	0.332000	0.332000	0.324145	
1000	0.330000	0.432190	1000	0.330000	0.330000	0.324150	
1000	0.298000	0.432190	1000	0.298000	0.298000	0.324126	
1000	0.351000	0.432190	1000	0.351000	0.351000	0.324151	
1000	0.365000	0.432190	1000	0.365000	0.365000	0.324189	
1000	0.326000	0.432190	1000	0.326000	0.326000	0.324190	
1000	0.294000	0.432190	1000	0.294000	0.294000	0.324163	
1000	0.307000	0.432190	1000	0.307000	0.307000	0.324147	
1000	0.325000	0.432190	1000	0.325000	0.325000	0.324147	
1000	0.297000	0.432190	1000	0.297000	0.297000	0.324122	
1000	0.306000	0.432190	1000	0.306000	0.306000	0.324106	
1000	0.321000	0.432190	1000	0.321000	0.321000	0.324103	
1000	0.329000	0.432190	1000	0.329000	0.329000	0.324107	
1000	0.328000	0.432190	1000	0.328000	0.328000	0.324111	
1000	0.347000	0.432190	1000	0.347000	0.347000	0.324132	
1000	0.352000	0.432190	1000	0.352000	0.352000	0.324158	
1000	0.336000	0.432190	1000	0.336000	0.336000	0.324168	
1000	0.352000	0.432190	1000	0.352000	0.352000	0.324194	
1000	0.337000	0.432190	1000	0.337000	0.337000	0.324206	
1000	0.342000	0.432190	1000	0.342000	0.342000	0.324222	
1000	0.322000	0.432190	1000	0.322000	0.322000	0.324220	
1000	0.332000	0.432190	1000	0.332000	0.332000	0.324227	
1000	0.317000	0.432190	1000	0.317000	0.317000	0.324220	
1000	0.364000	0.432190	1000	0.364000	0.364000	0.324257	
1000	0.334000	0.432190	1000	0.334000	0.334000	0.324265	
1000	0.331000	0.432190	1000	0.331000	0.331000	0.324272	
