Default schedule
Rate	100.00
Rate Tried	% Accepted	Rates - Dev	Rates - Tried	Rates - Accepted	Sample Ave Acceptance	Total Ave Acceptance	
1	0.000000	1.378314	1	0.000000	0.000000	0.000000	
1000	0.043000	1.378314	1001	0.042957	0.043000	0.042957	
1000	0.037000	1.102094	1000	0.037000	0.037000	0.039980	
1000	0.197000	0.621829	1000	0.197000	0.197000	0.092303	
1000	0.345000	0.363899	1000	0.345000	0.345000	0.155461	
1000	0.350000	0.363899	1000	0.350000	0.350000	0.194361	
1000	0.376000	0.363899	1000	0.376000	0.376000	0.224629	
1000	0.411000	0.363899	1000	0.411000	0.411000	0.251250	
1000	0.209000	0.595461	1000	0.209000	0.209000	0.245969	
1000	0.217000	0.595461	1000	0.217000	0.217000	0.242751	
1000	0.235000	0.595461	1000	0.235000	0.235000	0.241976	
1000	0.208000	0.595461	1000	0.208000	0.208000	0.238887	
1000	0.176000	0.595461	1000	0.176000	0.176000	0.233647	
1000	0.258000	0.508591	1000	0.258000	0.258000	0.235520	
1000	0.210000	0.508591	1000	0.210000	0.210000	0.233698	
1000	0.270000	0.508591	1000	0.270000	0.270000	0.236118	
1000	0.251000	0.508591	1000	0.251000	0.251000	0.237048	
1000	0.272000	0.508591	1000	0.272000	0.272000	0.239104	
1000	0.258000	0.508591	1000	0.258000	0.258000	0.240153	
1000	0.275000	0.508591	1000	0.275000	0.275000	0.241987	
1000	0.283000	0.508591	1000	0.283000	0.283000	0.244038	
1000	0.220000	0.508591	1000	0.220000	0.220000	0.242893	
1000	0.270000	0.508591	1000	0.270000	0.270000	0.244125	
1000	0.222000	0.508591	1000	0.222000	0.222000	0.243163	
1000	0.210000	0.508591	1000	0.210000	0.210000	0.241782	
1000	0.237000	0.508591	1000	0.237000	0.237000	0.241590	
1000	0.259000	0.508591	1000	0.259000	0.259000	0.242260	
1000	0.255000	0.508591	1000	0.255000	0.255000	0.242732	
1000	0.266000	0.508591	1000	0.266000	0.266000	0.243563	
1000	0.255000	0.508591	1000	0.255000	0.255000	0.243957	
1000	0.202000	0.508591	1000	0.202000	0.202000	0.242559	
1000	0.208000	0.508591	1000	0.208000	0.208000	0.241444	
1000	0.237000	0.508591	1000	0.237000	0.237000	0.241305	
1000	0.247000	0.508591	1000	0.247000	0.247000	0.241478	
1000	0.290000	0.508591	1000	0.290000	0.290000	0.242905	
1000	0.294000	0.508591	1000	0.294000	0.294000	0.244364	
1000	0.239000	0.508591	1000	0.239000	0.239000	0.244215	
1000	0.237000	0.508591	1000	0.237000	0.237000	0.244020	
1000	0.222000	0.508591	1000	0.222000	0.222000	0.243441	
1000	0.282000	0.508591	1000	0.282000	0.282000	0.244430	
1000	0.233000	0.508591	1000	0.233000	0.233000	0.244144	
1000	0.333000	0.508591	1000	0.333000	0.333000	0.246311	
1000	0.234000	0.508591	1000	0.234000	0.234000	0.246018	
1000	0.286000	0.508591	1000	0.286000	0.286000	0.246948	
1000	0.271000	0.508591	1000	0.271000	0.271000	0.247494	
1000	0.229000	0.508591	1000	0.229000	0.229000	0.247083	
1000	0.228000	0.508591	1000	0.228000	0.228000	0.246669	
1000	0.226000	0.508591	1000	0.226000	0.226000	0.246229	
1000	0.273000	0.508591	1000	0.273000	0.273000	0.246787	
1000	0.263000	0.508591	1000	0.263000	0.263000	0.247117	
1000	0.231000	0.508591	1000	0.231000	0.231000	0.246795	
1000	0.212000	0.508591	1000	0.212000	0.212000	0.246113	
1000	0.252000	0.508591	1000	0.252000	0.252000	0.246226	
1000	0.283000	0.508591	1000	0.283000	0.283000	0.246920	
1000	0.241000	0.508591	1000	0.241000	0.241000	0.246810	
1000	0.284000	0.508591	1000	0.284000	0.284000	0.247486	
1000	0.289000	0.508591	1000	0.289000	0.289000	0.248228	
1000	0.207000	0.508591	1000	0.207000	0.207000	0.247504	
1000	0.249000	0.508591	1000	0.249000	0.249000	0.247530	
1000	0.250000	0.508591	1000	0.250000	0.250000	0.247572	
1000	0.278000	0.508591	1000	0.278000	0.278000	0.248079	
1000	0.275000	0.508591	1000	0.275000	0.275000	0.248521	
1000	0.292000	0.508591	1000	0.292000	0.292000	0.249222	
1000	0.259000	0.508591	1000	0.259000	0.259000	0.249377	
1000	0.297000	0.508591	1000	0.297000	0.297000	0.250121	
1000	0.253000	0.508591	1000	0.253000	0.253000	0.250165	
1000	0.279000	0.508591	1000	0.279000	0.279000	0.250602	
1000	0.250000	0.508591	1000	0.250000	0.250000	0.250593	
1000	0.337000	0.508591	1000	0.337000	0.337000	0.251864	
1000	0.288000	0.508591	1000	0.288000	0.288000	0.252388	
1000	0.242000	0.508591	1000	0.242000	0.242000	0.252239	
1000	0.236000	0.508591	1000	0.236000	0.236000	0.252011	
1000	0.209000	0.508591	1000	0.209000	0.209000	0.251413	
1000	0.252000	0.508591	1000	0.252000	0.252000	0.251421	
1000	0.246000	0.508591	1000	0.246000	0.246000	0.251348	
1000	0.277000	0.508591	1000	0.277000	0.277000	0.251690	
1000	0.237000	0.508591	1000	0.237000	0.237000	0.251497	
1000	0.244000	0.508591	1000	0.244000	0.244000	0.251399	
1000	0.274000	0.508591	1000	0.274000	0.274000	0.251689	
1000	0.278000	0.508591	1000	0.278000	0.278000	0.252022	
1000	0.280000	0.508591	1000	0.280000	0.280000	0.252372	
1000	0.279000	0.508591	1000	0.279000	0.279000	0.252701	
1000	0.271000	0.508591	1000	0.271000	0.271000	0.252924	
1000	0.238000	0.508591	1000	0.238000	0.238000	0.252744	
1000	0.269000	0.508591	1000	0.269000	0.269000	0.252937	
1000	0.222000	0.508591	1000	0.222000	0.222000	0.252573	
1000	0.221000	0.508591	1000	0.221000	0.221000	0.252206	
1000	0.273000	0.508591	1000	0.273000	0.273000	0.252445	
1000	0.284000	0.508591	1000	0.284000	0.284000	0.252804	
1000	0.227000	0.508591	1000	0.227000	0.227000	0.252514	
1000	0.230000	0.508591	1000	0.230000	0.230000	0.252264	
1000	0.227000	0.508591	1000	0.227000	0.227000	0.251986	
1000	0.221000	0.508591	1000	0.221000	0.221000	0.251649	
1000	0.204000	0.508591	1000	0.204000	0.204000	0.251137	
1000	0.227000	0.508591	1000	0.227000	0.227000	0.250880	
1000	0.256000	0.508591	1000	0.256000	0.256000	0.250934	
1000	0.261000	0.508591	1000	0.261000	0.261000	0.251039	
1000	0.246000	0.508591	1000	0.246000	0.246000	0.250987	
1000	0.227000	0.508591	1000	0.227000	0.227000	0.250742	
1000	0.273000	0.508591	1000	0.273000	0.273000	0.250967	
1000	0.268000	0.508591	1000	0.268000	0.268000	0.251137	
1000	0.210000	0.508591	1000	0.210000	0.210000	0.250730	
1000	0.278000	0.508591	1000	0.278000	0.278000	0.250998	
1000	0.241000	0.508591	1000	0.241000	0.241000	0.250900	
1000	0.273000	0.508591	1000	0.273000	0.273000	0.251113	
1000	0.263000	0.508591	1000	0.263000	0.263000	0.251226	
1000	0.284000	0.508591	1000	0.284000	0.284000	0.251535	
1000	0.235000	0.508591	1000	0.235000	0.235000	0.251381	
1000	0.210000	0.508591	1000	0.210000	0.210000	0.250998	
1000	0.292000	0.508591	1000	0.292000	0.292000	0.251374	
1000	0.244000	0.508591	1000	0.244000	0.244000	0.251307	
1000	0.249000	0.508591	1000	0.249000	0.249000	0.251286	
1000	0.294000	0.508591	1000	0.294000	0.294000	0.251667	
1000	0.275000	0.508591	1000	0.275000	0.275000	0.251874	
1000	0.260000	0.508591	1000	0.260000	0.260000	0.251945	
1000	0.297000	0.508591	1000	0.297000	0.297000	0.252337	
1000	0.296000	0.508591	1000	0.296000	0.296000	0.252713	
1000	0.266000	0.508591	1000	0.266000	0.266000	0.252827	
1000	0.223000	0.508591	1000	0.223000	0.223000	0.252574	
1000	0.238000	0.508591	1000	0.238000	0.238000	0.252452	
1000	0.289000	0.508591	1000	0.289000	0.289000	0.252756	
1000	0.267000	0.508591	1000	0.267000	0.267000	0.252874	
1000	0.299000	0.508591	1000	0.299000	0.299000	0.253252	
1000	0.320000	0.508591	1000	0.320000	0.320000	0.253795	
1000	0.310000	0.508591	1000	0.310000	0.310000	0.254248	
1000	0.291000	0.508591	1000	0.291000	0.291000	0.254542	
1000	0.280000	0.508591	1000	0.280000	0.280000	0.254744	
1000	0.208000	0.508591	1000	0.208000	0.208000	0.254376	
1000	0.235000	0.508591	1000	0.235000	0.235000	0.254225	
1000	0.233000	0.508591	1000	0.233000	0.233000	0.254060	
1000	0.251000	0.508591	1000	0.251000	0.251000	0.254037	
1000	0.276000	0.508591	1000	0.276000	0.276000	0.254204	
1000	0.237000	0.508591	1000	0.237000	0.237000	0.254074	
1000	0.292000	0.508591	1000	0.292000	0.292000	0.254359	
1000	0.272000	0.508591	1000	0.272000	0.272000	0.254491	
1000	0.233000	0.508591	1000	0.233000	0.233000	0.254331	
1000	0.206000	0.508591	1000	0.206000	0.206000	0.253976	
1000	0.217000	0.508591	1000	0.217000	0.217000	0.253706	
1000	0.293000	0.508591	1000	0.293000	0.293000	0.253991	
1000	0.242000	0.508591	1000	0.242000	0.242000	0.253905	
1000	0.272000	0.508591	1000	0.272000	0.272000	0.254034	
1000	0.241000	0.508591	1000	0.241000	0.241000	0.253941	
1000	0.241000	0.508591	1000	0.241000	0.241000	0.253850	
1000	0.228000	0.508591	1000	0.228000	0.228000	0.253670	
1000	0.230000	0.508591	1000	0.230000	0.230000	0.253505	
1000	0.233000	0.508591	1000	0.233000	0.233000	0.253364	
1000	0.294000	0.508591	1000	0.294000	0.294000	0.253642	
1000	0.320000	0.508591	1000	0.320000	0.320000	0.254094	
1000	0.272000	0.508591	1000	0.272000	0.272000	0.254214	
1000	0.276000	0.508591	1000	0.276000	0.276000	0.254361	
1000	0.278000	0.508591	1000	0.278000	0.278000	0.254518	
1000	0.241000	0.508591	1000	0.241000	0.241000	0.254429	
1000	0.286000	0.508591	1000	0.286000	0.286000	0.254636	
1000	0.283000	0.508591	1000	0.283000	0.283000	0.254822	
1000	0.262000	0.508591	1000	0.262000	0.262000	0.254868	
1000	0.217000	0.508591	1000	0.217000	0.217000	0.254624	
1000	0.251000	0.508591	1000	0.251000	0.251000	0.254601	
1000	0.258000	0.508591	1000	0.258000	0.258000	0.254623	
1000	0.303000	0.508591	1000	0.303000	0.303000	0.254929	
1000	0.277000	0.508591	1000	0.277000	0.277000	0.255068	
1000	0.277000	0.508591	1000	0.277000	0.277000	0.255205	
1000	0.292000	0.508591	1000	0.292000	0.292000	0.255433	
1000	0.288000	0.508591	1000	0.288000	0.288000	0.255634	
1000	0.286000	0.508591	1000	0.286000	0.286000	0.255821	
1000	0.255000	0.508591	1000	0.255000	0.255000	0.255816	
1000	0.269000	0.508591	1000	0.269000	0.269000	0.255895	
1000	0.252000	0.508591	1000	0.252000	0.252000	0.255872	
1000	0.272000	0.508591	1000	0.272000	0.272000	0.255969	
1000	0.253000	0.508591	1000	0.253000	0.253000	0.255951	
1000	0.240000	0.508591	1000	0.240000	0.240000	0.255856	
1000	0.278000	0.508591	1000	0.278000	0.278000	0.255987	
1000	0.312000	0.508591	1000	0.312000	0.312000	0.256314	
1000	0.249000	0.508591	1000	0.249000	0.249000	0.256272	
1000	0.250000	0.508591	1000	0.250000	0.250000	0.256236	
1000	0.261000	0.508591	1000	0.261000	0.261000	0.256263	
1000	0.218000	0.508591	1000	0.218000	0.218000	0.256044	
1000	0.246000	0.508591	1000	0.246000	0.246000	0.255987	
1000	0.238000	0.508591	1000	0.238000	0.238000	0.255886	
1000	0.287000	0.508591	1000	0.287000	0.287000	0.256060	
1000	0.253000	0.508591	1000	0.253000	0.253000	0.256043	
1000	0.230000	0.508591	1000	0.230000	0.230000	0.255899	
1000	0.258000	0.508591	1000	0.258000	0.258000	0.255910	
1000	0.277000	0.508591	1000	0.277000	0.277000	0.256026	
1000	0.244000	0.508591	1000	0.244000	0.244000	0.255960	
1000	0.224000	0.508591	1000	0.224000	0.224000	0.255787	
1000	0.269000	0.508591	1000	0.269000	0.269000	0.255858	
1000	0.289000	0.508591	1000	0.289000	0.289000	0.256036	
1000	0.237000	0.508591	1000	0.237000	0.237000	0.255934	
1000	0.225000	0.508591	1000	0.225000	0.225000	0.255770	
1000	0.283000	0.508591	1000	0.283000	0.283000	0.255914	
1000	0.275000	0.508591	1000	0.275000	0.275000	0.256014	
1000	0.278000	0.508591	1000	0.278000	0.278000	0.256130	
1000	0.256000	0.508591	1000	0.256000	0.256000	0.256129	
1000	0.258000	0.508591	1000	0.258000	0.258000	0.256139	
1000	0.300000	0.508591	1000	0.300000	0.300000	0.256365	
1000	0.311000	0.508591	1000	0.311000	0.311000	0.256645	
1000	0.232000	0.508591	1000	0.232000	0.232000	0.256519	
1000	0.235000	0.508591	1000	0.235000	0.235000	0.256410	
1000	0.263000	0.508591	1000	0.263000	0.263000	0.256443	
1000	0.256000	0.508591	1000	0.256000	0.256000	0.256441	
1000	0.270000	0.508591	1000	0.270000	0.270000	0.256509	
1000	0.183000	0.508591	1000	0.183000	0.183000	0.256143	
1000	0.269000	0.451040	1000	0.269000	0.269000	0.256207	
1000	0.304000	0.451040	1000	0.304000	0.304000	0.256442	
1000	0.272000	0.451040	1000	0.272000	0.272000	0.256518	
1000	0.281000	0.451040	1000	0.281000	0.281000	0.256638	
1000	0.298000	0.451040	1000	0.298000	0.298000	0.256839	
1000	0.292000	0.451040	1000	0.292000	0.292000	0.257008	
1000	0.304000	0.451040	1000	0.304000	0.304000	0.257234	
1000	0.327000	0.451040	1000	0.327000	0.327000	0.257568	
1000	0.275000	0.451040	1000	0.275000	0.275000	0.257651	
1000	0.308000	0.451040	1000	0.308000	0.308000	0.257890	
1000	0.313000	0.451040	1000	0.313000	0.313000	0.258150	
1000	0.303000	0.451040	1000	0.303000	0.303000	0.258360	
1000	0.313000	0.451040	1000	0.313000	0.313000	0.258616	
1000	0.333000	0.451040	1000	0.333000	0.333000	0.258962	
1000	0.304000	0.451040	1000	0.304000	0.304000	0.259170	
1000	0.303000	0.451040	1000	0.303000	0.303000	0.259372	
1000	0.305000	0.451040	1000	0.305000	0.305000	0.259581	
1000	0.293000	0.451040	1000	0.293000	0.293000	0.259734	
1000	0.310000	0.451040	1000	0.310000	0.310000	0.259962	
1000	0.326000	0.451040	1000	0.326000	0.326000	0.260261	
1000	0.319000	0.451040	1000	0.319000	0.319000	0.260526	
1000	0.316000	0.451040	1000	0.316000	0.316000	0.260775	
1000	0.297000	0.451040	1000	0.297000	0.297000	0.260936	
1000	0.326000	0.451040	1000	0.326000	0.326000	0.261226	
1000	0.313000	0.451040	1000	0.313000	0.313000	0.261455	
1000	0.313000	0.451040	1000	0.313000	0.313000	0.261682	
1000	0.298000	0.451040	1000	0.298000	0.298000	0.261841	
1000	0.301000	0.451040	1000	0.301000	0.301000	0.262012	
1000	0.304000	0.451040	1000	0.304000	0.304000	0.262195	
1000	0.279000	0.451040	1000	0.279000	0.279000	0.262267	
1000	0.312000	0.451040	1000	0.312000	0.312000	0.262482	
1000	0.333000	0.451040	1000	0.333000	0.333000	0.262784	
1000	0.306000	0.451040	1000	0.306000	0.306000	0.262969	
1000	0.314000	0.451040	1000	0.314000	0.314000	0.263186	
1000	0.323000	0.451040	1000	0.323000	0.323000	0.263440	
1000	0.307000	0.451040	1000	0.307000	0.307000	0.263623	
1000	0.319000	0.451040	1000	0.319000	0.319000	0.263856	
1000	0.297000	0.451040	1000	0.297000	0.297000	0.263995	
1000	0.333000	0.451040	1000	0.333000	0.333000	0.264282	
1000	0.324000	0.451040	1000	0.324000	0.324000	0.264530	
1000	0.287000	0.451040	1000	0.287000	0.287000	0.264623	
1000	0.294000	0.451040	1000	0.294000	0.294000	0.264744	
1000	0.315000	0.451040	1000	0.315000	0.315000	0.264950	
1000	0.308000	0.451040	1000	0.308000	0.308000	0.265125	
1000	0.317000	0.451040	1000	0.317000	0.317000	0.265336	
1000	0.290000	0.451040	1000	0.290000	0.290000	0.265436	
1000	0.274000	0.451040	1000	0.274000	0.274000	0.265471	
1000	0.309000	0.451040	1000	0.309000	0.309000	0.265646	
1000	0.265000	0.451040	1000	0.265000	0.265000	0.265643	
1000	0.293000	0.451040	1000	0.293000	0.293000	0.265752	
1000	0.321000	0.451040	1000	0.321000	0.321000	0.265971	
1000	0.339000	0.451040	1000	0.339000	0.339000	0.266260	
1000	0.316000	0.451040	1000	0.316000	0.316000	0.266456	
1000	0.344000	0.451040	1000	0.344000	0.344000	0.266760	
1000	0.318000	0.451040	1000	0.318000	0.318000	0.266960	
1000	0.296000	0.451040	1000	0.296000	0.296000	0.267073	
1000	0.293000	0.451040	1000	0.293000	0.293000	0.267173	
1000	0.384000	0.451040	1000	0.384000	0.384000	0.267624	
1000	0.307000	0.451040	1000	0.307000	0.307000	0.267776	
1000	0.296000	0.451040	1000	0.296000	0.296000	0.267884	
1000	0.376000	0.451040	1000	0.376000	0.376000	0.268297	
1000	0.353000	0.451040	1000	0.353000	0.353000	0.268619	
1000	0.331000	0.451040	1000	0.331000	0.331000	0.268855	
1000	0.333000	0.451040	1000	0.333000	0.333000	0.269097	
1000	0.315000	0.451040	1000	0.315000	0.315000	0.269270	
1000	0.355000	0.451040	1000	0.355000	0.355000	0.269591	
1000	0.305000	0.451040	1000	0.305000	0.305000	0.269723	
1000	0.260000	0.451040	1000	0.260000	0.260000	0.269687	
1000	0.300000	0.451040	1000	0.300000	0.300000	0.269799	
1000	0.301000	0.451040	1000	0.301000	0.301000	0.269914	
1000	0.340000	0.451040	1000	0.340000	0.340000	0.270172	
1000	0.318000	0.451040	1000	0.318000	0.318000	0.270347	
1000	0.347000	0.451040	1000	0.347000	0.347000	0.270627	
1000	0.314000	0.451040	1000	0.314000	0.314000	0.270784	
1000	0.295000	0.451040	1000	0.295000	0.295000	0.270872	
1000	0.317000	0.451040	1000	0.317000	0.317000	0.271039	
1000	0.354000	0.451040	1000	0.354000	0.354000	0.271337	
1000	0.284000	0.451040	1000	0.284000	0.284000	0.271383	
1000	0.347000	0.451040	1000	0.347000	0.347000	0.271653	
1000	0.310000	0.451040	1000	0.310000	0.310000	0.271789	
1000	0.294000	0.451040	1000	0.294000	0.294000	0.271868	
1000	0.333000	0.451040	1000	0.333000	0.333000	0.272084	
1000	0.329000	0.451040	1000	0.329000	0.329000	0.272284	
1000	0.301000	0.451040	1000	0.301000	0.301000	0.272385	
1000	0.278000	0.451040	1000	0.278000	0.278000	0.272405	
1000	0.257000	0.451040	1000	0.257000	0.257000	0.272351	
1000	0.291000	0.451040	1000	0.291000	0.291000	0.272416	
1000	0.294000	0.451040	1000	0.294000	0.294000	0.272490	
1000	0.343000	0.451040	1000	0.343000	0.343000	0.272734	
1000	0.275000	0.451040	1000	0.275000	0.275000	0.272741	
1000	0.295000	0.451040	1000	0.295000	0.295000	0.272818	
1000	0.331000	0.451040	1000	0.331000	0.331000	0.273016	
1000	0.328000	0.451040	1000	0.328000	0.328000	0.273203	
1000	0.278000	0.451040	1000	0.278000	0.278000	0.273219	
1000	0.334000	0.451040	1000	0.334000	0.334000	0.273425	
1000	0.340000	0.451040	1000	0.340000	0.340000	0.273649	
1000	0.329000	0.451040	1000	0.329000	0.329000	0.273835	
1000	0.331000	0.451040	1000	0.331000	0.331000	0.274026	
1000	0.302000	0.451040	1000	0.302000	0.302000	0.274119	
1000	0.297000	0.451040	1000	0.297000	0.297000	0.274195	
1000	0.336000	0.451040	1000	0.336000	0.336000	0.274400	
1000	0.354000	0.451040	1000	0.354000	0.354000	0.274662	
1000	0.282000	0.451040	1000	0.282000	0.282000	0.274687	
1000	0.273000	0.451040	1000	0.273000	0.273000	0.274681	
1000	0.269000	0.451040	1000	0.269000	0.269000	0.274663	
1000	0.271000	0.451040	1000	0.271000	0.271000	0.274651	
1000	0.298000	0.451040	1000	0.298000	0.298000	0.274726	
1000	0.287000	0.451040	1000	0.287000	0.287000	0.274766	
1000	0.350000	0.451040	1000	0.350000	0.350000	0.275009	
1000	0.310000	0.451040	1000	0.310000	0.310000	0.275121	
1000	0.303000	0.451040	1000	0.303000	0.303000	0.275211	
1000	0.311000	0.451040	1000	0.311000	0.311000	0.275325	
1000	0.316000	0.451040	1000	0.316000	0.316000	0.275455	
1000	0.310000	0.451040	1000	0.310000	0.310000	0.275564	
1000	0.302000	0.451040	1000	0.302000	0.302000	0.275648	
1000	0.351000	0.451040	1000	0.351000	0.351000	0.275886	
1000	0.345000	0.451040	1000	0.345000	0.345000	0.276103	
1000	0.319000	0.451040	1000	0.319000	0.319000	0.276237	
1000	0.341000	0.451040	1000	0.341000	0.341000	0.276440	
1000	0.340000	0.451040	1000	0.340000	0.340000	0.276638	
1000	0.270000	0.451040	1000	0.270000	0.270000	0.276617	
1000	0.314000	0.451040	1000	0.314000	0.314000	0.276733	
1000	0.326000	0.451040	1000	0.326000	0.326000	0.276885	
1000	0.333000	0.451040	1000	0.333000	0.333000	0.277058	
1000	0.355000	0.451040	1000	0.355000	0.355000	0.277297	
1000	0.284000	0.451040	1000	0.284000	0.284000	0.277317	
1000	0.295000	0.451040	1000	0.295000	0.295000	0.277371	
1000	0.338000	0.451040	1000	0.338000	0.338000	0.277555	
1000	0.362000	0.451040	1000	0.362000	0.362000	0.277811	
1000	0.314000	0.451040	1000	0.314000	0.314000	0.277921	
1000	0.302000	0.451040	1000	0.302000	0.302000	0.277993	
1000	0.323000	0.451040	1000	0.323000	0.323000	0.278128	
1000	0.295000	0.451040	1000	0.295000	0.295000	0.278179	
1000	0.305000	0.451040	1000	0.305000	0.305000	0.278259	
1000	0.316000	0.451040	1000	0.316000	0.316000	0.278371	
1000	0.352000	0.451040	1000	0.352000	0.352000	0.278590	
1000	0.313000	0.451040	1000	0.313000	0.313000	0.278691	
1000	0.352000	0.451040	1000	0.352000	0.352000	0.278908	
1000	0.332000	0.451040	1000	0.332000	0.332000	0.279064	
1000	0.272000	0.451040	1000	0.272000	0.272000	0.279043	
1000	0.334000	0.451040	1000	0.334000	0.334000	0.279204	
1000	0.318000	0.451040	1000	0.318000	0.318000	0.279317	
1000	0.319000	0.451040	1000	0.319000	0.319000	0.279432	
1000	0.295000	0.451040	1000	0.295000	0.295000	0.279477	
1000	0.319000	0.451040	1000	0.319000	0.319000	0.279592	
1000	0.298000	0.451040	1000	0.298000	0.298000	0.279645	
1000	0.292000	0.451040	1000	0.292000	0.292000	0.279680	
1000	0.315000	0.451040	1000	0.315000	0.315000	0.279781	
1000	0.240000	0.451040	1000	0.240000	0.240000	0.279668	
1000	0.313000	0.451040	1000	0.313000	0.313000	0.279763	
1000	0.311000	0.451040	1000	0.311000	0.311000	0.279851	
1000	0.277000	0.451040	1000	0.277000	0.277000	0.279843	
1000	0.307000	0.451040	1000	0.307000	0.307000	0.279920	
1000	0.258000	0.451040	1000	0.258000	0.258000	0.279858	
1000	0.313000	0.451040	1000	0.313000	0.313000	0.279951	
1000	0.280000	0.451040	1000	0.280000	0.280000	0.279952	
1000	0.305000	0.451040	1000	0.305000	0.305000	0.280022	
1000	0.322000	0.451040	1000	0.322000	0.322000	0.280138	
1000	0.249000	0.451040	1000	0.249000	0.249000	0.280052	
1000	0.305000	0.451040	1000	0.305000	0.305000	0.280121	
1000	0.336000	0.451040	1000	0.336000	0.336000	0.280275	
1000	0.369000	0.451040	1000	0.369000	0.369000	0.280520	
1000	0.333000	0.451040	1000	0.333000	0.333000	0.280664	
1000	0.364000	0.451040	1000	0.364000	0.364000	0.280892	
1000	0.297000	0.451040	1000	0.297000	0.297000	0.280936	
1000	0.356000	0.451040	1000	0.356000	0.356000	0.281141	
1000	0.307000	0.451040	1000	0.307000	0.307000	0.281211	
1000	0.266000	0.451040	1000	0.266000	0.266000	0.281170	
1000	0.316000	0.451040	1000	0.316000	0.316000	0.281264	
1000	0.349000	0.451040	1000	0.349000	0.349000	0.281447	
1000	0.289000	0.451040	1000	0.289000	0.289000	0.281467	
1000	0.328000	0.451040	1000	0.328000	0.328000	0.281592	
1000	0.318000	0.451040	1000	0.318000	0.318000	0.281689	
1000	0.286000	0.451040	1000	0.286000	0.286000	0.281701	
1000	0.285000	0.451040	1000	0.285000	0.285000	0.281709	
1000	0.326000	0.451040	1000	0.326000	0.326000	0.281827	
1000	0.341000	0.451040	1000	0.341000	0.341000	0.281983	
1000	0.312000	0.451040	1000	0.312000	0.312000	0.282063	
1000	0.344000	0.451040	1000	0.344000	0.344000	0.282226	
1000	0.293000	0.451040	1000	0.293000	0.293000	0.282254	
1000	0.342000	0.451040	1000	0.342000	0.342000	0.282410	
1000	0.296000	0.451040	1000	0.296000	0.296000	0.282446	
1000	0.320000	0.451040	1000	0.320000	0.320000	0.282544	
1000	0.313000	0.451040	1000	0.313000	0.313000	0.282623	
1000	0.349000	0.451040	1000	0.349000	0.349000	0.282795	
1000	0.322000	0.451040	1000	0.322000	0.322000	0.282896	
1000	0.300000	0.451040	1000	0.300000	0.300000	0.282940	
1000	0.257000	0.451040	1000	0.257000	0.257000	0.282873	
1000	0.304000	0.451040	1000	0.304000	0.304000	0.282927	
1000	0.316000	0.451040	1000	0.316000	0.316000	0.283012	
1000	0.298000	0.451040	1000	0.298000	0.298000	0.283050	
1000	0.285000	0.451040	1000	0.285000	0.285000	0.283055	
1000	0.243000	0.451040	1000	0.243000	0.243000	0.282954	
1000	0.311000	0.451040	1000	0.311000	0.311000	0.283025	
1000	0.311000	0.451040	1000	0.311000	0.311000	0.283095	
1000	0.313000	0.451040	1000	0.313000	0.313000	0.283171	
1000	0.285000	0.451040	1000	0.285000	0.285000	0.283175	
1000	0.328000	0.451040	1000	0.328000	0.328000	0.283288	
1000	0.303000	0.451040	1000	0.303000	0.303000	0.283337	
1000	0.284000	0.451040	1000	0.284000	0.284000	0.283338	
1000	0.308000	0.451040	1000	0.308000	0.308000	0.283400	
1000	0.317000	0.451040	1000	0.317000	0.317000	0.283483	
1000	0.312000	0.451040	1000	0.312000	0.312000	0.283554	
1000	0.268000	0.451040	1000	0.268000	0.268000	0.283515	
1000	0.321000	0.451040	1000	0.321000	0.321000	0.283608	
1000	0.328000	0.451040	1000	0.328000	0.328000	0.283717	
1000	0.319000	0.451040	1000	0.319000	0.319000	0.283803	
1000	0.286000	0.451040	1000	0.286000	0.286000	0.283809	
1000	0.359000	0.451040	1000	0.359000	0.359000	0.283992	
1000	0.302000	0.451040	1000	0.302000	0.302000	0.284036	
1000	0.274000	0.451040	1000	0.274000	0.274000	0.284011	
1000	0.319000	0.451040	1000	0.319000	0.319000	0.284096	
1000	0.358000	0.451040	1000	0.358000	0.358000	0.284275	
1000	0.342000	0.451040	1000	0.342000	0.342000	0.284414	
1000	0.333000	0.451040	1000	0.333000	0.333000	0.284531	
1000	0.312000	0.451040	1000	0.312000	0.312000	0.284596	
1000	0.290000	0.451040	1000	0.290000	0.290000	0.284609	
1000	0.314000	0.451040	1000	0.314000	0.314000	0.284680	
1000	0.311000	0.451040	1000	0.311000	0.311000	0.284742	
1000	0.328000	0.451040	1000	0.328000	0.328000	0.284845	
1000	0.262000	0.451040	1000	0.262000	0.262000	0.284791	
1000	0.298000	0.451040	1000	0.298000	0.298000	0.284822	
1000	0.262000	0.451040	1000	0.262000	0.262000	0.284768	
1000	0.316000	0.451040	1000	0.316000	0.316000	0.284842	
1000	0.322000	0.451040	1000	0.322000	0.322000	0.284929	
1000	0.287000	0.451040	1000	0.287000	0.287000	0.284934	
1000	0.293000	0.451040	1000	0.293000	0.293000	0.284953	
1000	0.324000	0.451040	1000	0.324000	0.324000	0.285044	
1000	0.332000	0.451040	1000	0.332000	0.332000	0.285153	
1000	0.284000	0.451040	1000	0.284000	0.284000	0.285150	
1000	0.298000	0.451040	1000	0.298000	0.298000	0.285180	
1000	0.333000	0.451040	1000	0.333000	0.333000	0.285290	
1000	0.317000	0.451040	1000	0.317000	0.317000	0.285363	
1000	0.346000	0.451040	1000	0.346000	0.346000	0.285503	
1000	0.320000	0.451040	1000	0.320000	0.320000	0.285582	
1000	0.303000	0.451040	1000	0.303000	0.303000	0.285622	
1000	0.314000	0.451040	1000	0.314000	0.314000	0.285687	
1000	0.307000	0.451040	1000	0.307000	0.307000	0.285735	
1000	0.309000	0.451040	1000	0.309000	0.309000	0.285788	
1000	0.321000	0.451040	1000	0.321000	0.321000	0.285868	
1000	0.337000	0.451040	1000	0.337000	0.337000	0.285984	
1000	0.315000	0.451040	1000	0.315000	0.315000	0.286049	
1000	0.332000	0.451040	1000	0.332000	0.332000	0.286153	
1000	0.381000	0.451040	1000	0.381000	0.381000	0.286366	
1000	0.296000	0.451040	1000	0.296000	0.296000	0.286387	
1000	0.332000	0.451040	1000	0.332000	0.332000	0.286489	
1000	0.307000	0.451040	1000	0.307000	0.307000	0.286535	
1000	0.349000	0.451040	1000	0.349000	0.349000	0.286674	
1000	0.321000	0.451040	1000	0.321000	0.321000	0.286750	
1000	0.327000	0.451040	1000	0.327000	0.327000	0.286840	
1000	0.264000	0.451040	1000	0.264000	0.264000	0.286789	
1000	0.251000	0.451040	1000	0.251000	0.251000	0.286710	
1000	0.285000	0.451040	1000	0.285000	0.285000	0.286706	
1000	0.325000	0.451040	1000	0.325000	0.325000	0.286791	
1000	0.323000	0.451040	1000	0.323000	0.323000	0.286870	
1000	0.283000	0.451040	1000	0.283000	0.283000	0.286862	
1000	0.254000	0.451040	1000	0.254000	0.254000	0.286790	
1000	0.325000	0.451040	1000	0.325000	0.325000	0.286873	
1000	0.317000	0.451040	1000	0.317000	0.317000	0.286939	
1000	0.313000	0.451040	1000	0.313000	0.313000	0.286995	
1000	0.342000	0.451040	1000	0.342000	0.342000	0.287114	
1000	0.357000	0.451040	1000	0.357000	0.357000	0.287265	
1000	0.321000	0.451040	1000	0.321000	0.321000	0.287338	
1000	0.331000	0.451040	1000	0.331000	0.331000	0.287432	
1000	0.366000	0.451040	1000	0.366000	0.366000	0.287600	
1000	0.331000	0.451040	1000	0.331000	0.331000	0.287693	
1000	0.327000	0.451040	1000	0.327000	0.327000	0.287777	
1000	0.314000	0.451040	1000	0.314000	0.314000	0.287833	
1000	0.342000	0.451040	1000	0.342000	0.342000	0.287948	
1000	0.306000	0.451040	1000	0.306000	0.306000	0.287987	
1000	0.282000	0.451040	1000	0.282000	0.282000	0.287974	
1000	0.318000	0.451040	1000	0.318000	0.318000	0.288037	
1000	0.331000	0.451040	1000	0.331000	0.331000	0.288128	
1000	0.298000	0.451040	1000	0.298000	0.298000	0.288149	
1000	0.271000	0.451040	1000	0.271000	0.271000	0.288113	
1000	0.319000	0.451040	1000	0.319000	0.319000	0.288178	
1000	0.340000	0.451040	1000	0.340000	0.340000	0.288286	
1000	0.321000	0.451040	1000	0.321000	0.321000	0.288354	
1000	0.313000	0.451040	1000	0.313000	0.313000	0.288406	
1000	0.277000	0.451040	1000	0.277000	0.277000	0.288382	
1000	0.336000	0.451040	1000	0.336000	0.336000	0.288481	
1000	0.344000	0.451040	1000	0.344000	0.344000	0.288596	
1000	0.307000	0.451040	1000	0.307000	0.307000	0.288634	
1000	0.344000	0.451040	1000	0.344000	0.344000	0.288748	
1000	0.279000	0.451040	1000	0.279000	0.279000	0.288728	
1000	0.358000	0.451040	1000	0.358000	0.358000	0.288870	
1000	0.316000	0.451040	1000	0.316000	0.316000	0.288926	
1000	0.332000	0.451040	1000	0.332000	0.332000	0.289014	
1000	0.289000	0.451040	1000	0.289000	0.289000	0.289014	
1000	0.356000	0.451040	1000	0.356000	0.356000	0.289150	
1000	0.291000	0.451040	1000	0.291000	0.291000	0.289154	
1000	0.316000	0.451040	1000	0.316000	0.316000	0.289208	
1000	0.290000	0.451040	1000	0.290000	0.290000	0.289210	
1000	0.308000	0.451040	1000	0.308000	0.308000	0.289248	
1000	0.314000	0.451040	1000	0.314000	0.314000	0.289298	
1000	0.321000	0.451040	1000	0.321000	0.321000	0.289362	
1000	0.346000	0.451040	1000	0.346000	0.346000	0.289475	
1000	0.313000	0.451040	1000	0.313000	0.313000	0.289522	
1000	0.309000	0.451040	1000	0.309000	0.309000	0.289561	
1000	0.315000	0.451040	1000	0.315000	0.315000	0.289612	
1000	0.338000	0.451040	1000	0.338000	0.338000	0.289709	
1000	0.316000	0.451040	1000	0.316000	0.316000	0.289761	
1000	0.323000	0.451040	1000	0.323000	0.323000	0.289827	
1000	0.291000	0.451040	1000	0.291000	0.291000	0.289829	
1000	0.318000	0.451040	1000	0.318000	0.318000	0.289885	
1000	0.287000	0.451040	1000	0.287000	0.287000	0.289879	
1000	0.327000	0.451040	1000	0.327000	0.327000	0.289952	
1000	0.316000	0.451040	1000	0.316000	0.316000	0.290003	
1000	0.284000	0.451040	1000	0.284000	0.284000	0.289992	
1000	0.306000	0.451040	1000	0.306000	0.306000	0.290023	
1000	0.291000	0.451040	1000	0.291000	0.291000	0.290025	
1000	0.323000	0.451040	1000	0.323000	0.323000	0.290089	
1000	0.334000	0.451040	1000	0.334000	0.334000	0.290175	
1000	0.374000	0.451040	1000	0.374000	0.374000	0.290337	
1000	0.353000	0.451040	1000	0.353000	0.353000	0.290459	
1000	0.305000	0.451040	1000	0.305000	0.305000	0.290487	
1000	0.279000	0.451040	1000	0.279000	0.279000	0.290465	
1000	0.351000	0.451040	1000	0.351000	0.351000	0.290581	
1000	0.343000	0.451040	1000	0.343000	0.343000	0.290682	
1000	0.289000	0.451040	1000	0.289000	0.289000	0.290679	
1000	0.338000	0.451040	1000	0.338000	0.338000	0.290770	
1000	0.289000	0.451040	1000	0.289000	0.289000	0.290766	
1000	0.367000	0.451040	1000	0.367000	0.367000	0.290912	
1000	0.333000	0.451040	1000	0.333000	0.333000	0.290992	
1000	0.353000	0.451040	1000	0.353000	0.353000	0.291110	
1000	0.319000	0.451040	1000	0.319000	0.319000	0.291163	
1000	0.334000	0.451040	1000	0.334000	0.334000	0.291244	
1000	0.282000	0.451040	1000	0.282000	0.282000	0.291226	
1000	0.310000	0.451040	1000	0.310000	0.310000	0.291262	
1000	0.302000	0.451040	1000	0.302000	0.302000	0.291282	
1000	0.321000	0.451040	1000	0.321000	0.321000	0.291338	
1000	0.317000	0.451040	1000	0.317000	0.317000	0.291386	
1000	0.361000	0.451040	1000	0.361000	0.361000	0.291516	
1000	0.335000	0.451040	1000	0.335000	0.335000	0.291598	
1000	0.343000	0.451040	1000	0.343000	0.343000	0.291693	
1000	0.311000	0.451040	1000	0.311000	0.311000	0.291729	
1000	0.292000	0.451040	1000	0.292000	0.292000	0.291730	
1000	0.327000	0.451040	1000	0.327000	0.327000	0.291795	
1000	0.348000	0.451040	1000	0.348000	0.348000	0.291899	
1000	0.346000	0.451040	1000	0.346000	0.346000	0.291999	
1000	0.344000	0.451040	1000	0.344000	0.344000	0.292095	
1000	0.336000	0.451040	1000	0.336000	0.336000	0.292176	
1000	0.279000	0.451040	1000	0.279000	0.279000	0.292152	
1000	0.304000	0.451040	1000	0.304000	0.304000	0.292174	
1000	0.312000	0.451040	1000	0.312000	0.312000	0.292210	
1000	0.316000	0.451040	1000	0.316000	0.316000	0.292254	
1000	0.290000	0.451040	1000	0.290000	0.290000	0.292249	
1000	0.314000	0.451040	1000	0.314000	0.314000	0.292289	
1000	0.264000	0.451040	1000	0.264000	0.264000	0.292238	
1000	0.319000	0.451040	1000	0.319000	0.319000	0.292286	
1000	0.307000	0.451040	1000	0.307000	0.307000	0.292313	
1000	0.322000	0.451040	1000	0.322000	0.322000	0.292367	
1000	0.297000	0.451040	1000	0.297000	0.297000	0.292375	
1000	0.339000	0.451040	1000	0.339000	0.339000	0.292459	
1000	0.295000	0.451040	1000	0.295000	0.295000	0.292464	
1000	0.320000	0.451040	1000	0.320000	0.320000	0.292513	
1000	0.305000	0.451040	1000	0.305000	0.305000	0.292535	
1000	0.274000	0.451040	1000	0.274000	0.274000	0.292502	
1000	0.319000	0.451040	1000	0.319000	0.319000	0.292549	
1000	0.338000	0.451040	1000	0.338000	0.338000	0.292630	
1000	0.316000	0.451040	1000	0.316000	0.316000	0.292672	
1000	0.353000	0.451040	1000	0.353000	0.353000	0.292779	
1000	0.323000	0.451040	1000	0.323000	0.323000	0.292833	
1000	0.346000	0.451040	1000	0.346000	0.346000	0.292927	
1000	0.278000	0.451040	1000	0.278000	0.278000	0.292901	
1000	0.340000	0.451040	1000	0.340000	0.340000	0.292984	
1000	0.288000	0.451040	1000	0.288000	0.288000	0.292975	
1000	0.323000	0.451040	1000	0.323000	0.323000	0.293028	
1000	0.287000	0.451040	1000	0.287000	0.287000	0.293017	
1000	0.318000	0.451040	1000	0.318000	0.318000	0.293061	
1000	0.298000	0.451040	1000	0.298000	0.298000	0.293069	
1000	0.313000	0.451040	1000	0.313000	0.313000	0.293104	
1000	0.277000	0.451040	1000	0.277000	0.277000	0.293076	
1000	0.315000	0.451040	1000	0.315000	0.315000	0.293114	
1000	0.329000	0.451040	1000	0.329000	0.329000	0.293177	
1000	0.279000	0.451040	1000	0.279000	0.279000	0.293152	
1000	0.320000	0.451040	1000	0.320000	0.320000	0.293198	
1000	0.352000	0.451040	1000	0.352000	0.352000	0.293300	
1000	0.348000	0.451040	1000	0.348000	0.348000	0.293394	
1000	0.282000	0.451040	1000	0.282000	0.282000	0.293375	
1000	0.297000	0.451040	1000	0.297000	0.297000	0.293381	
1000	0.314000	0.451040	1000	0.314000	0.314000	0.293416	
1000	0.333000	0.451040	1000	0.333000	0.333000	0.293484	
1000	0.312000	0.451040	1000	0.312000	0.312000	0.293516	
1000	0.350000	0.451040	1000	0.350000	0.350000	0.293612	
1000	0.310000	0.451040	1000	0.310000	0.310000	0.293640	
1000	0.268000	0.451040	1000	0.268000	0.268000	0.293596	
1000	0.337000	0.451040	1000	0.337000	0.337000	0.293670	
1000	0.314000	0.451040	1000	0.314000	0.314000	0.293705	
1000	0.335000	0.451040	1000	0.335000	0.335000	0.293774	
1000	0.297000	0.451040	1000	0.297000	0.297000	0.293780	
1000	0.307000	0.451040	1000	0.307000	0.307000	0.293802	
1000	0.324000	0.451040	1000	0.324000	0.324000	0.293853	
1000	0.336000	0.451040	1000	0.336000	0.336000	0.293924	
1000	0.322000	0.451040	1000	0.322000	0.322000	0.293971	
1000	0.328000	0.451040	1000	0.328000	0.328000	0.294028	
1000	0.311000	0.451040	1000	0.311000	0.311000	0.294056	
1000	0.293000	0.451040	1000	0.293000	0.293000	0.294055	
1000	0.300000	0.451040	1000	0.300000	0.300000	0.294065	
1000	0.365000	0.451040	1000	0.365000	0.365000	0.294183	
1000	0.318000	0.451040	1000	0.318000	0.318000	0.294222	
1000	0.313000	0.451040	1000	0.313000	0.313000	0.294253	
1000	0.316000	0.451040	1000	0.316000	0.316000	0.294289	
1000	0.316000	0.451040	1000	0.316000	0.316000	0.294325	
1000	0.304000	0.451040	1000	0.304000	0.304000	0.294341	
1000	0.326000	0.451040	1000	0.326000	0.326000	0.294393	
1000	0.281000	0.451040	1000	0.281000	0.281000	0.294371	
1000	0.331000	0.451040	1000	0.331000	0.331000	0.294431	
1000	0.310000	0.451040	1000	0.310000	0.310000	0.294457	
1000	0.324000	0.451040	1000	0.324000	0.324000	0.294505	
1000	0.352000	0.451040	1000	0.352000	0.352000	0.294599	
1000	0.351000	0.451040	1000	0.351000	0.351000	0.294691	
1000	0.262000	0.451040	1000	0.262000	0.262000	0.294638	
1000	0.305000	0.451040	1000	0.305000	0.305000	0.294655	
1000	0.279000	0.451040	1000	0.279000	0.279000	0.294629	
1000	0.271000	0.451040	1000	0.271000	0.271000	0.294591	
1000	0.278000	0.451040	1000	0.278000	0.278000	0.294564	
1000	0.282000	0.451040	1000	0.282000	0.282000	0.294544	
1000	0.340000	0.451040	1000	0.340000	0.340000	0.294617	
1000	0.343000	0.451040	1000	0.343000	0.343000	0.294695	
1000	0.298000	0.451040	1000	0.298000	0.298000	0.294700	
1000	0.262000	0.451040	1000	0.262000	0.262000	0.294648	
1000	0.279000	0.451040	1000	0.279000	0.279000	0.294623	
1000	0.303000	0.451040	1000	0.303000	0.303000	0.294636	
1000	0.347000	0.451040	1000	0.347000	0.347000	0.294720	
1000	0.271000	0.451040	1000	0.271000	0.271000	0.294682	
1000	0.331000	0.451040	1000	0.331000	0.331000	0.294740	
1000	0.384000	0.451040	1000	0.384000	0.384000	0.294882	
1000	0.279000	0.451040	1000	0.279000	0.279000	0.294857	
1000	0.320000	0.451040	1000	0.320000	0.320000	0.294897	
1000	0.341000	0.451040	1000	0.341000	0.341000	0.294969	
1000	0.313000	0.451040	1000	0.313000	0.313000	0.294998	
1000	0.317000	0.451040	1000	0.317000	0.317000	0.295033	
1000	0.303000	0.451040	1000	0.303000	0.303000	0.295045	
1000	0.287000	0.451040	1000	0.287000	0.287000	0.295033	
1000	0.293000	0.451040	1000	0.293000	0.293000	0.295029	
1000	0.329000	0.451040	1000	0.329000	0.329000	0.295083	
1000	0.346000	0.451040	1000	0.346000	0.346000	0.295162	
1000	0.329000	0.451040	1000	0.329000	0.329000	0.295215	
1000	0.305000	0.451040	1000	0.305000	0.305000	0.295230	
1000	0.323000	0.451040	1000	0.323000	0.323000	0.295274	
1000	0.337000	0.451040	1000	0.337000	0.337000	0.295339	
1000	0.310000	0.451040	1000	0.310000	0.310000	0.295361	
1000	0.320000	0.451040	1000	0.320000	0.320000	0.295400	
1000	0.276000	0.451040	1000	0.276000	0.276000	0.295370	
1000	0.335000	0.451040	1000	0.335000	0.335000	0.295431	
1000	0.294000	0.451040	1000	0.294000	0.294000	0.295429	
1000	0.285000	0.451040	1000	0.285000	0.285000	0.295412	
1000	0.293000	0.451040	1000	0.293000	0.293000	0.295409	
1000	0.302000	0.451040	1000	0.302000	0.302000	0.295419	
1000	0.373000	0.451040	1000	0.373000	0.373000	0.295538	
1000	0.355000	0.451040	1000	0.355000	0.355000	0.295629	
1000	0.347000	0.451040	1000	0.347000	0.347000	0.295707	
1000	0.331000	0.451040	1000	0.331000	0.331000	0.295761	
1000	0.329000	0.451040	1000	0.329000	0.329000	0.295812	
1000	0.325000	0.451040	1000	0.325000	0.325000	0.295856	
1000	0.273000	0.451040	1000	0.273000	0.273000	0.295822	
1000	0.323000	0.451040	1000	0.323000	0.323000	0.295863	
1000	0.326000	0.451040	1000	0.326000	0.326000	0.295909	
1000	0.302000	0.451040	1000	0.302000	0.302000	0.295918	
1000	0.291000	0.451040	1000	0.291000	0.291000	0.295910	
1000	0.271000	0.451040	1000	0.271000	0.271000	0.295873	
1000	0.303000	0.451040	1000	0.303000	0.303000	0.295884	
1000	0.357000	0.451040	1000	0.357000	0.357000	0.295975	
1000	0.294000	0.451040	1000	0.294000	0.294000	0.295973	
1000	0.299000	0.451040	1000	0.299000	0.299000	0.295977	
1000	0.294000	0.451040	1000	0.294000	0.294000	0.295974	
1000	0.291000	0.451040	1000	0.291000	0.291000	0.295967	
1000	0.290000	0.451040	1000	0.290000	0.290000	0.295958	
1000	0.302000	0.451040	1000	0.302000	0.302000	0.295967	
1000	0.324000	0.451040	1000	0.324000	0.324000	0.296008	
1000	0.373000	0.451040	1000	0.373000	0.373000	0.296123	
1000	0.346000	0.451040	1000	0.346000	0.346000	0.296197	
1000	0.284000	0.451040	1000	0.284000	0.284000	0.296179	
1000	0.343000	0.451040	1000	0.343000	0.343000	0.296248	
1000	0.331000	0.451040	1000	0.331000	0.331000	0.296299	
1000	0.302000	0.451040	1000	0.302000	0.302000	0.296308	
1000	0.372000	0.451040	1000	0.372000	0.372000	0.296419	
1000	0.305000	0.451040	1000	0.305000	0.305000	0.296432	
1000	0.287000	0.451040	1000	0.287000	0.287000	0.296418	
1000	0.352000	0.451040	1000	0.352000	0.352000	0.296500	
1000	0.297000	0.451040	1000	0.297000	0.297000	0.296500	
1000	0.309000	0.451040	1000	0.309000	0.309000	0.296519	
1000	0.284000	0.451040	1000	0.284000	0.284000	0.296500	
1000	0.304000	0.451040	1000	0.304000	0.304000	0.296511	
1000	0.341000	0.451040	1000	0.341000	0.341000	0.296576	
1000	0.321000	0.451040	1000	0.321000	0.321000	0.296611	
1000	0.355000	0.451040	1000	0.355000	0.355000	0.296696	
1000	0.296000	0.451040	1000	0.296000	0.296000	0.296695	
1000	0.343000	0.451040	1000	0.343000	0.343000	0.296762	
1000	0.309000	0.451040	1000	0.309000	0.309000	0.296780	
1000	0.340000	0.451040	1000	0.340000	0.340000	0.296842	
1000	0.282000	0.451040	1000	0.282000	0.282000	0.296821	
1000	0.318000	0.451040	1000	0.318000	0.318000	0.296851	
1000	0.264000	0.451040	1000	0.264000	0.264000	0.296804	
1000	0.300000	0.451040	1000	0.300000	0.300000	0.296809	
1000	0.265000	0.451040	1000	0.265000	0.265000	0.296763	
1000	0.314000	0.451040	1000	0.314000	0.314000	0.296788	
1000	0.341000	0.451040	1000	0.341000	0.341000	0.296851	
1000	0.302000	0.451040	1000	0.302000	0.302000	0.296858	
1000	0.323000	0.451040	1000	0.323000	0.323000	0.296896	
1000	0.248000	0.451040	1000	0.248000	0.248000	0.296826	
1000	0.344000	0.451040	1000	0.344000	0.344000	0.296893	
1000	0.310000	0.451040	1000	0.310000	0.310000	0.296912	
1000	0.296000	0.451040	1000	0.296000	0.296000	0.296910	
1000	0.259000	0.451040	1000	0.259000	0.259000	0.296857	
1000	0.267000	0.451040	1000	0.267000	0.267000	0.296815	
1000	0.319000	0.451040	1000	0.319000	0.319000	0.296846	
1000	0.298000	0.451040	1000	0.298000	0.298000	0.296847	
1000	0.322000	0.451040	1000	0.322000	0.322000	0.296883	
1000	0.312000	0.451040	1000	0.312000	0.312000	0.296904	
1000	0.284000	0.451040	1000	0.284000	0.284000	0.296886	
1000	0.338000	0.451040	1000	0.338000	0.338000	0.296944	
1000	0.303000	0.451040	1000	0.303000	0.303000	0.296952	
1000	0.304000	0.451040	1000	0.304000	0.304000	0.296962	
1000	0.274000	0.451040	1000	0.274000	0.274000	0.296930	
1000	0.326000	0.451040	1000	0.326000	0.326000	0.296970	
1000	0.320000	0.451040	1000	0.320000	0.320000	0.297002	
1000	0.361000	0.451040	1000	0.361000	0.361000	0.297091	
1000	0.315000	0.451040	1000	0.315000	0.315000	0.297116	
1000	0.318000	0.451040	1000	0.318000	0.318000	0.297145	
1000	0.335000	0.451040	1000	0.335000	0.335000	0.297197	
1000	0.291000	0.451040	1000	0.291000	0.291000	0.297189	
1000	0.315000	0.451040	1000	0.315000	0.315000	0.297213	
1000	0.280000	0.451040	1000	0.280000	0.280000	0.297190	
1000	0.302000	0.451040	1000	0.302000	0.302000	0.297196	
1000	0.335000	0.451040	1000	0.335000	0.335000	0.297248	
1000	0.322000	0.451040	1000	0.322000	0.322000	0.297282	
1000	0.300000	0.451040	1000	0.300000	0.300000	0.297286	
1000	0.332000	0.451040	1000	0.332000	0.332000	0.297333	
1000	0.303000	0.451040	1000	0.303000	0.303000	0.297341	
1000	0.306000	0.451040	1000	0.306000	0.306000	0.297353	
1000	0.278000	0.451040	1000	0.278000	0.278000	0.297327	
1000	0.282000	0.451040	1000	0.282000	0.282000	0.297306	
1000	0.333000	0.451040	1000	0.333000	0.333000	0.297354	
1000	0.320000	0.451040	1000	0.320000	0.320000	0.297385	
1000	0.345000	0.451040	1000	0.345000	0.345000	0.297449	
1000	0.315000	0.451040	1000	0.315000	0.315000	0.297473	
1000	0.327000	0.451040	1000	0.327000	0.327000	0.297513	
1000	0.317000	0.451040	1000	0.317000	0.317000	0.297539	
1000	0.316000	0.451040	1000	0.316000	0.316000	0.297564	
1000	0.312000	0.451040	1000	0.312000	0.312000	0.297584	
1000	0.285000	0.451040	1000	0.285000	0.285000	0.297567	
1000	0.324000	0.451040	1000	0.324000	0.324000	0.297602	
1000	0.292000	0.451040	1000	0.292000	0.292000	0.297595	
1000	0.311000	0.451040	1000	0.311000	0.311000	0.297613	
1000	0.258000	0.451040	1000	0.258000	0.258000	0.297560	
1000	0.323000	0.451040	1000	0.323000	0.323000	0.297594	
1000	0.332000	0.451040	1000	0.332000	0.332000	0.297640	
1000	0.305000	0.451040	1000	0.305000	0.305000	0.297649	
1000	0.308000	0.451040	1000	0.308000	0.308000	0.297663	
1000	0.302000	0.451040	1000	0.302000	0.302000	0.297669	
1000	0.308000	0.451040	1000	0.308000	0.308000	0.297683	
1000	0.326000	0.451040	1000	0.326000	0.326000	0.297720	
1000	0.334000	0.451040	1000	0.334000	0.334000	0.297768	
1000	0.262000	0.451040	1000	0.262000	0.262000	0.297721	
1000	0.283000	0.451040	1000	0.283000	0.283000	0.297701	
1000	0.362000	0.451040	1000	0.362000	0.362000	0.297786	
1000	0.353000	0.451040	1000	0.353000	0.353000	0.297859	
1000	0.256000	0.451040	1000	0.256000	0.256000	0.297804	
1000	0.299000	0.451040	1000	0.299000	0.299000	0.297805	
1000	0.308000	0.451040	1000	0.308000	0.308000	0.297819	
1000	0.276000	0.451040	1000	0.276000	0.276000	0.297790	
1000	0.307000	0.451040	1000	0.307000	0.307000	0.297802	
1000	0.337000	0.451040	1000	0.337000	0.337000	0.297853	
1000	0.345000	0.451040	1000	0.345000	0.345000	0.297915	
1000	0.295000	0.451040	1000	0.295000	0.295000	0.297911	
1000	0.346000	0.451040	1000	0.346000	0.346000	0.297974	
1000	0.320000	0.451040	1000	0.320000	0.320000	0.298002	
1000	0.248000	0.451040	1000	0.248000	0.248000	0.297937	
1000	0.323000	0.451040	1000	0.323000	0.323000	0.297970	
1000	0.355000	0.451040	1000	0.355000	0.355000	0.298044	
1000	0.326000	0.451040	1000	0.326000	0.326000	0.298080	
1000	0.318000	0.451040	1000	0.318000	0.318000	0.298105	
1000	0.268000	0.451040	1000	0.268000	0.268000	0.298067	
1000	0.285000	0.451040	1000	0.285000	0.285000	0.298050	
1000	0.335000	0.451040	1000	0.335000	0.335000	0.298097	
1000	0.332000	0.451040	1000	0.332000	0.332000	0.298141	
1000	0.324000	0.451040	1000	0.324000	0.324000	0.298174	
1000	0.307000	0.451040	1000	0.307000	0.307000	0.298185	
1000	0.308000	0.451040	1000	0.308000	0.308000	0.298198	
1000	0.331000	0.451040	1000	0.331000	0.331000	0.298240	
1000	0.313000	0.451040	1000	0.313000	0.313000	0.298259	
1000	0.307000	0.451040	1000	0.307000	0.307000	0.298270	
1000	0.346000	0.451040	1000	0.346000	0.346000	0.298330	
1000	0.329000	0.451040	1000	0.329000	0.329000	0.298369	
1000	0.329000	0.451040	1000	0.329000	0.329000	0.298408	
1000	0.316000	0.451040	1000	0.316000	0.316000	0.298431	
1000	0.294000	0.451040	1000	0.294000	0.294000	0.298425	
1000	0.279000	0.451040	1000	0.279000	0.279000	0.298400	
1000	0.346000	0.451040	1000	0.346000	0.346000	0.298460	
1000	0.298000	0.451040	1000	0.298000	0.298000	0.298460	
1000	0.283000	0.451040	1000	0.283000	0.283000	0.298440	
1000	0.299000	0.451040	1000	0.299000	0.299000	0.298441	
1000	0.280000	0.451040	1000	0.280000	0.280000	0.298418	
1000	0.278000	0.451040	1000	0.278000	0.278000	0.298392	
1000	0.283000	0.451040	1000	0.283000	0.283000	0.298373	
1000	0.295000	0.451040	1000	0.295000	0.295000	0.298369	
1000	0.300000	0.451040	1000	0.300000	0.300000	0.298371	
1000	0.306000	0.451040	1000	0.306000	0.306000	0.298380	
1000	0.296000	0.451040	1000	0.296000	0.296000	0.298377	
1000	0.319000	0.451040	1000	0.319000	0.319000	0.298403	
1000	0.304000	0.451040	1000	0.304000	0.304000	0.298410	
1000	0.292000	0.451040	1000	0.292000	0.292000	0.298402	
1000	0.312000	0.451040	1000	0.312000	0.312000	0.298419	
1000	0.320000	0.451040	1000	0.320000	0.320000	0.298446	
1000	0.301000	0.451040	1000	0.301000	0.301000	0.298449	
1000	0.338000	0.451040	1000	0.338000	0.338000	0.298498	
1000	0.372000	0.451040	1000	0.372000	0.372000	0.298589	
1000	0.312000	0.451040	1000	0.312000	0.312000	0.298605	
1000	0.296000	0.451040	1000	0.296000	0.296000	0.298602	
1000	0.317000	0.451040	1000	0.317000	0.317000	0.298624	
1000	0.318000	0.451040	1000	0.318000	0.318000	0.298648	
1000	0.291000	0.451040	1000	0.291000	0.291000	0.298639	
1000	0.326000	0.451040	1000	0.326000	0.326000	0.298672	
1000	0.331000	0.451040	1000	0.331000	0.331000	0.298712	
1000	0.326000	0.451040	1000	0.326000	0.326000	0.298745	
1000	0.343000	0.451040	1000	0.343000	0.343000	0.298799	
1000	0.319000	0.451040	1000	0.319000	0.319000	0.298824	
1000	0.360000	0.451040	1000	0.360000	0.360000	0.298899	
1000	0.346000	0.451040	1000	0.346000	0.346000	0.298956	
1000	0.348000	0.451040	1000	0.348000	0.348000	0.299015	
1000	0.306000	0.451040	1000	0.306000	0.306000	0.299024	
1000	0.310000	0.451040	1000	0.310000	0.310000	0.299037	
1000	0.333000	0.451040	1000	0.333000	0.333000	0.299078	
1000	0.306000	0.451040	1000	0.306000	0.306000	0.299087	
1000	0.342000	0.451040	1000	0.342000	0.342000	0.299139	
1000	0.331000	0.451040	1000	0.331000	0.331000	0.299177	
1000	0.389000	0.451040	1000	0.389000	0.389000	0.299285	
1000	0.352000	0.451040	1000	0.352000	0.352000	0.299349	
1000	0.314000	0.451040	1000	0.314000	0.314000	0.299366	
1000	0.311000	0.451040	1000	0.311000	0.311000	0.299380	
1000	0.290000	0.451040	1000	0.290000	0.290000	0.299369	
1000	0.328000	0.451040	1000	0.328000	0.328000	0.299403	
1000	0.287000	0.451040	1000	0.287000	0.287000	0.299388	
1000	0.312000	0.451040	1000	0.312000	0.312000	0.299403	
1000	0.326000	0.451040	1000	0.326000	0.326000	0.299435	
1000	0.359000	0.451040	1000	0.359000	0.359000	0.299506	
1000	0.387000	0.451040	1000	0.387000	0.387000	0.299610	
1000	0.354000	0.451040	1000	0.354000	0.354000	0.299675	
1000	0.318000	0.451040	1000	0.318000	0.318000	0.299697	
1000	0.322000	0.451040	1000	0.322000	0.322000	0.299723	
1000	0.314000	0.451040	1000	0.314000	0.314000	0.299740	
1000	0.318000	0.451040	1000	0.318000	0.318000	0.299762	
1000	0.342000	0.451040	1000	0.342000	0.342000	0.299812	
1000	0.329000	0.451040	1000	0.329000	0.329000	0.299846	
1000	0.325000	0.451040	1000	0.325000	0.325000	0.299876	
1000	0.272000	0.451040	1000	0.272000	0.272000	0.299843	
1000	0.357000	0.451040	1000	0.357000	0.357000	0.299910	
1000	0.340000	0.451040	1000	0.340000	0.340000	0.299957	
1000	0.313000	0.451040	1000	0.313000	0.313000	0.299973	
1000	0.295000	0.451040	1000	0.295000	0.295000	0.299967	
1000	0.366000	0.451040	1000	0.366000	0.366000	0.300044	
1000	0.381000	0.451040	1000	0.381000	0.381000	0.300139	
1000	0.315000	0.451040	1000	0.315000	0.315000	0.300156	
1000	0.344000	0.451040	1000	0.344000	0.344000	0.300207	
1000	0.317000	0.451040	1000	0.317000	0.317000	0.300227	
1000	0.295000	0.451040	1000	0.295000	0.295000	0.300221	
1000	0.286000	0.451040	1000	0.286000	0.286000	0.300204	
1000	0.282000	0.451040	1000	0.282000	0.282000	0.300183	
1000	0.292000	0.451040	1000	0.292000	0.292000	0.300174	
1000	0.306000	0.451040	1000	0.306000	0.306000	0.300180	
1000	0.299000	0.451040	1000	0.299000	0.299000	0.300179	
1000	0.320000	0.451040	1000	0.320000	0.320000	0.300202	
1000	0.343000	0.451040	1000	0.343000	0.343000	0.300251	
1000	0.304000	0.451040	1000	0.304000	0.304000	0.300256	
1000	0.296000	0.451040	1000	0.296000	0.296000	0.300251	
1000	0.293000	0.451040	1000	0.293000	0.293000	0.300242	
1000	0.265000	0.451040	1000	0.265000	0.265000	0.300202	
1000	0.318000	0.451040	1000	0.318000	0.318000	0.300222	
1000	0.287000	0.451040	1000	0.287000	0.287000	0.300207	
1000	0.332000	0.451040	1000	0.332000	0.332000	0.300244	
1000	0.324000	0.451040	1000	0.324000	0.324000	0.300271	
1000	0.294000	0.451040	1000	0.294000	0.294000	0.300264	
1000	0.311000	0.451040	1000	0.311000	0.311000	0.300276	
1000	0.337000	0.451040	1000	0.337000	0.337000	0.300318	
1000	0.329000	0.451040	1000	0.329000	0.329000	0.300350	
1000	0.300000	0.451040	1000	0.300000	0.300000	0.300350	
1000	0.312000	0.451040	1000	0.312000	0.312000	0.300363	
1000	0.324000	0.451040	1000	0.324000	0.324000	0.300390	
1000	0.236000	0.451040	1000	0.236000	0.236000	0.300317	
1000	0.308000	0.451040	1000	0.308000	0.308000	0.300326	
1000	0.323000	0.451040	1000	0.323000	0.323000	0.300351	
1000	0.294000	0.451040	1000	0.294000	0.294000	0.300344	
1000	0.268000	0.451040	1000	0.268000	0.268000	0.300308	
1000	0.261000	0.451040	1000	0.261000	0.261000	0.300263	
1000	0.293000	0.451040	1000	0.293000	0.293000	0.300255	
1000	0.343000	0.451040	1000	0.343000	0.343000	0.300303	
1000	0.330000	0.451040	1000	0.330000	0.330000	0.300337	
1000	0.305000	0.451040	1000	0.305000	0.305000	0.300342	
1000	0.340000	0.451040	1000	0.340000	0.340000	0.300386	
1000	0.335000	0.451040	1000	0.335000	0.335000	0.300425	
1000	0.255000	0.451040	1000	0.255000	0.255000	0.300374	
1000	0.309000	0.451040	1000	0.309000	0.309000	0.300384	
1000	0.343000	0.451040	1000	0.343000	0.343000	0.300432	
1000	0.310000	0.451040	1000	0.310000	0.310000	0.300442	
1000	0.300000	0.451040	1000	0.300000	0.300000	0.300442	
1000	0.291000	0.451040	1000	0.291000	0.291000	0.300431	
1000	0.315000	0.451040	1000	0.315000	0.315000	0.300447	
1000	0.343000	0.451040	1000	0.343000	0.343000	0.300495	
1000	0.272000	0.451040	1000	0.272000	0.272000	0.300463	
1000	0.365000	0.451040	1000	0.365000	0.365000	0.300535	
1000	0.298000	0.451040	1000	0.298000	0.298000	0.300532	
1000	0.299000	0.451040	1000	0.299000	0.299000	0.300530	
1000	0.313000	0.451040	1000	0.313000	0.313000	0.300544	
1000	0.273000	0.451040	1000	0.273000	0.273000	0.300513	
1000	0.315000	0.451040	1000	0.315000	0.315000	0.300529	
1000	0.336000	0.451040	1000	0.336000	0.336000	0.300568	
1000	0.287000	0.451040	1000	0.287000	0.287000	0.300554	
1000	0.285000	0.451040	1000	0.285000	0.285000	0.300536	
1000	0.276000	0.451040	1000	0.276000	0.276000	0.300510	
1000	0.298000	0.451040	1000	0.298000	0.298000	0.300507	
1000	0.348000	0.451040	1000	0.348000	0.348000	0.300559	
1000	0.338000	0.451040	1000	0.338000	0.338000	0.300600	
1000	0.355000	0.451040	1000	0.355000	0.355000	0.300659	
1000	0.272000	0.451040	1000	0.272000	0.272000	0.300628	
1000	0.313000	0.451040	1000	0.313000	0.313000	0.300641	
1000	0.281000	0.451040	1000	0.281000	0.281000	0.300620	
1000	0.348000	0.451040	1000	0.348000	0.348000	0.300671	
1000	0.280000	0.451040	1000	0.280000	0.280000	0.300649	
1000	0.324000	0.451040	1000	0.324000	0.324000	0.300674	
1000	0.307000	0.451040	1000	0.307000	0.307000	0.300681	
1000	0.294000	0.451040	1000	0.294000	0.294000	0.300674	
1000	0.329000	0.451040	1000	0.329000	0.329000	0.300705	
1000	0.322000	0.451040	1000	0.322000	0.322000	0.300728	
1000	0.333000	0.451040	1000	0.333000	0.333000	0.300762	
1000	0.322000	0.451040	1000	0.322000	0.322000	0.300785	
1000	0.353000	0.451040	1000	0.353000	0.353000	0.300841	
1000	0.329000	0.451040	1000	0.329000	0.329000	0.300872	
1000	0.290000	0.451040	1000	0.290000	0.290000	0.300860	
1000	0.297000	0.451040	1000	0.297000	0.297000	0.300856	
1000	0.259000	0.451040	1000	0.259000	0.259000	0.300811	
1000	0.292000	0.451040	1000	0.292000	0.292000	0.300802	
1000	0.322000	0.451040	1000	0.322000	0.322000	0.300824	
1000	0.276000	0.451040	1000	0.276000	0.276000	0.300798	
1000	0.281000	0.451040	1000	0.281000	0.281000	0.300777	
1000	0.315000	0.451040	1000	0.315000	0.315000	0.300792	
1000	0.324000	0.451040	1000	0.324000	0.324000	0.300817	
1000	0.312000	0.451040	1000	0.312000	0.312000	0.300828	
1000	0.301000	0.451040	1000	0.301000	0.301000	0.300829	
1000	0.344000	0.451040	1000	0.344000	0.344000	0.300874	
1000	0.347000	0.451040	1000	0.347000	0.347000	0.300923	
1000	0.272000	0.451040	1000	0.272000	0.272000	0.300893	
1000	0.344000	0.451040	1000	0.344000	0.344000	0.300938	
1000	0.348000	0.451040	1000	0.348000	0.348000	0.300988	
1000	0.340000	0.451040	1000	0.340000	0.340000	0.301029	
1000	0.314000	0.451040	1000	0.314000	0.314000	0.301043	
1000	0.275000	0.451040	1000	0.275000	0.275000	0.301015	
1000	0.299000	0.451040	1000	0.299000	0.299000	0.301013	
1000	0.358000	0.451040	1000	0.358000	0.358000	0.301073	
1000	0.259000	0.451040	1000	0.259000	0.259000	0.301029	
1000	0.277000	0.451040	1000	0.277000	0.277000	0.301004	
1000	0.243000	0.451040	1000	0.243000	0.243000	0.300943	
1000	0.309000	0.451040	1000	0.309000	0.309000	0.300952	
1000	0.313000	0.451040	1000	0.313000	0.313000	0.300964	
1000	0.278000	0.451040	1000	0.278000	0.278000	0.300940	
1000	0.270000	0.451040	1000	0.270000	0.270000	0.300908	
1000	0.325000	0.451040	1000	0.325000	0.325000	0.300933	
1000	0.339000	0.451040	1000	0.339000	0.339000	0.300973	
1000	0.339000	0.451040	1000	0.339000	0.339000	0.301012	
1000	0.342000	0.451040	1000	0.342000	0.342000	0.301055	
1000	0.324000	0.451040	1000	0.324000	0.324000	0.301079	
1000	0.318000	0.451040	1000	0.318000	0.318000	0.301096	
1000	0.351000	0.451040	1000	0.351000	0.351000	0.301148	
1000	0.345000	0.451040	1000	0.345000	0.345000	0.301193	
1000	0.259000	0.451040	1000	0.259000	0.259000	0.301150	
1000	0.367000	0.451040	1000	0.367000	0.367000	0.301218	
1000	0.337000	0.451040	1000	0.337000	0.337000	0.301255	
1000	0.336000	0.451040	1000	0.336000	0.336000	0.301290	
1000	0.304000	0.451040	1000	0.304000	0.304000	0.301293	
1000	0.293000	0.451040	1000	0.293000	0.293000	0.301285	
1000	0.306000	0.451040	1000	0.306000	0.306000	0.301290	
1000	0.285000	0.451040	1000	0.285000	0.285000	0.301273	
1000	0.336000	0.451040	1000	0.336000	0.336000	0.301308	
1000	0.319000	0.451040	1000	0.319000	0.319000	0.301327	
1000	0.326000	0.451040	1000	0.326000	0.326000	0.301352	
1000	0.293000	0.451040	1000	0.293000	0.293000	0.301343	
1000	0.320000	0.451040	1000	0.320000	0.320000	0.301362	
1000	0.328000	0.451040	1000	0.328000	0.328000	0.301389	
1000	0.334000	0.451040	1000	0.334000	0.334000	0.301423	
1000	0.333000	0.451040	1000	0.333000	0.333000	0.301455	
1000	0.306000	0.451040	1000	0.306000	0.306000	0.301460	
1000	0.333000	0.451040	1000	0.333000	0.333000	0.301492	
1000	0.265000	0.451040	1000	0.265000	0.265000	0.301455	
1000	0.301000	0.451040	1000	0.301000	0.301000	0.301454	
1000	0.299000	0.451040	1000	0.299000	0.299000	0.301452	
1000	0.334000	0.451040	1000	0.334000	0.334000	0.301485	
1000	0.309000	0.451040	1000	0.309000	0.309000	0.301492	
1000	0.286000	0.451040	1000	0.286000	0.286000	0.301476	
1000	0.312000	0.451040	1000	0.312000	0.312000	0.301487	
1000	0.283000	0.451040	1000	0.283000	0.283000	0.301468	
1000	0.284000	0.451040	1000	0.284000	0.284000	0.301451	
1000	0.297000	0.451040	1000	0.297000	0.297000	0.301446	
1000	0.340000	0.451040	1000	0.340000	0.340000	0.301485	
1000	0.330000	0.451040	1000	0.330000	0.330000	0.301514	
1000	0.304000	0.451040	1000	0.304000	0.304000	0.301516	
1000	0.341000	0.451040	1000	0.341000	0.341000	0.301556	
1000	0.292000	0.451040	1000	0.292000	0.292000	0.301546	
1000	0.278000	0.451040	1000	0.278000	0.278000	0.301523	
1000	0.311000	0.451040	1000	0.311000	0.311000	0.301532	
1000	0.293000	0.451040	1000	0.293000	0.293000	0.301524	
1000	0.293000	0.451040	1000	0.293000	0.293000	0.301515	
1000	0.331000	0.451040	1000	0.331000	0.331000	0.301545	
1000	0.315000	0.451040	1000	0.315000	0.315000	0.301558	
1000	0.322000	0.451040	1000	0.322000	0.322000	0.301578	
1000	0.371000	0.451040	1000	0.371000	0.371000	0.301647	
1000	0.301000	0.451040	1000	0.301000	0.301000	0.301647	
1000	0.273000	0.451040	1000	0.273000	0.273000	0.301618	
1000	0.331000	0.451040	1000	0.331000	0.331000	0.301647	
1000	0.300000	0.451040	1000	0.300000	0.300000	0.301646	
1000	0.278000	0.451040	1000	0.278000	0.278000	0.301622	
1000	0.295000	0.451040	1000	0.295000	0.295000	0.301616	
1000	0.341000	0.451040	1000	0.341000	0.341000	0.301655	
1000	0.351000	0.451040	1000	0.351000	0.351000	0.301703	
1000	0.304000	0.451040	1000	0.304000	0.304000	0.301705	
1000	0.331000	0.451040	1000	0.331000	0.331000	0.301734	
1000	0.382000	0.451040	1000	0.382000	0.382000	0.301813	
1000	0.286000	0.451040	1000	0.286000	0.286000	0.301798	
1000	0.293000	0.451040	1000	0.293000	0.293000	0.301789	
1000	0.341000	0.451040	1000	0.341000	0.341000	0.301827	
1000	0.282000	0.451040	1000	0.282000	0.282000	0.301808	
1000	0.328000	0.451040	1000	0.328000	0.328000	0.301834	
1000	0.315000	0.451040	1000	0.315000	0.315000	0.301846	
1000	0.301000	0.451040	1000	0.301000	0.301000	0.301846	
1000	0.319000	0.451040	1000	0.319000	0.319000	0.301862	
1000	0.274000	0.451040	1000	0.274000	0.274000	0.301835	
1000	0.327000	0.451040	1000	0.327000	0.327000	0.301860	
1000	0.301000	0.451040	1000	0.301000	0.301000	0.301859	
1000	0.291000	0.451040	1000	0.291000	0.291000	0.301848	
1000	0.314000	0.451040	1000	0.314000	0.314000	0.301860	
1000	0.263000	0.451040	1000	0.263000	0.263000	0.301822	
1000	0.327000	0.451040	1000	0.327000	0.327000	0.301847	
1000	0.348000	0.451040	1000	0.348000	0.348000	0.301891	
1000	0.344000	0.451040	1000	0.344000	0.344000	0.301932	
1000	0.343000	0.451040	1000	0.343000	0.343000	0.301972	
1000	0.317000	0.451040	1000	0.317000	0.317000	0.301986	
1000	0.326000	0.451040	1000	0.326000	0.326000	0.302009	
1000	0.346000	0.451040	1000	0.346000	0.346000	0.302052	
1000	0.300000	0.451040	1000	0.300000	0.300000	0.302050	
1000	0.261000	0.451040	1000	0.261000	0.261000	0.302010	
1000	0.357000	0.451040	1000	0.357000	0.357000	0.302063	
1000	0.328000	0.451040	1000	0.328000	0.328000	0.302088	
1000	0.301000	0.451040	1000	0.301000	0.301000	0.302087	
1000	0.320000	0.451040	1000	0.320000	0.320000	0.302104	
1000	0.278000	0.451040	1000	0.278000	0.278000	0.302081	
1000	0.341000	0.451040	1000	0.341000	0.341000	0.302118	
1000	0.287000	0.451040	1000	0.287000	0.287000	0.302104	
1000	0.329000	0.451040	1000	0.329000	0.329000	0.302129	
1000	0.345000	0.451040	1000	0.345000	0.345000	0.302170	
1000	0.365000	0.451040	1000	0.365000	0.365000	0.302230	
1000	0.316000	0.451040	1000	0.316000	0.316000	0.302243	
1000	0.307000	0.451040	1000	0.307000	0.307000	0.302248	
1000	0.314000	0.451040	1000	0.314000	0.314000	0.302259	
1000	0.292000	0.451040	1000	0.292000	0.292000	0.302249	
1000	0.275000	0.451040	1000	0.275000	0.275000	0.302223	
1000	0.307000	0.451040	1000	0.307000	0.307000	0.302228	
1000	0.327000	0.451040	1000	0.327000	0.327000	0.302251	
1000	0.292000	0.451040	1000	0.292000	0.292000	0.302241	
1000	0.311000	0.451040	1000	0.311000	0.311000	0.302250	
1000	0.338000	0.451040	1000	0.338000	0.338000	0.302283	
1000	0.273000	0.451040	1000	0.273000	0.273000	0.302256	
1000	0.307000	0.451040	1000	0.307000	0.307000	0.302260	
1000	0.292000	0.451040	1000	0.292000	0.292000	0.302251	
1000	0.277000	0.451040	1000	0.277000	0.277000	0.302227	
1000	0.287000	0.451040	1000	0.287000	0.287000	0.302213	
1000	0.311000	0.451040	1000	0.311000	0.311000	0.302221	
1000	0.291000	0.451040	1000	0.291000	0.291000	0.302210	
1000	0.315000	0.451040	1000	0.315000	0.315000	0.302222	
1000	0.318000	0.451040	1000	0.318000	0.318000	0.302237	
1000	0.328000	0.451040	1000	0.328000	0.328000	0.302261	
1000	0.346000	0.451040	1000	0.346000	0.346000	0.302302	
1000	0.306000	0.451040	1000	0.306000	0.306000	0.302305	
1000	0.329000	0.451040	1000	0.329000	0.329000	0.302330	
1000	0.350000	0.451040	1000	0.350000	0.350000	0.302375	
1000	0.338000	0.451040	1000	0.338000	0.338000	0.302408	
1000	0.306000	0.451040	1000	0.306000	0.306000	0.302411	
1000	0.315000	0.451040	1000	0.315000	0.315000	0.302423	
1000	0.346000	0.451040	1000	0.346000	0.346000	0.302463	
1000	0.286000	0.451040	1000	0.286000	0.286000	0.302448	
1000	0.354000	0.451040	1000	0.354000	0.354000	0.302496	
1000	0.289000	0.451040	1000	0.289000	0.289000	0.302483	
1000	0.276000	0.451040	1000	0.276000	0.276000	0.302459	
1000	0.347000	0.451040	1000	0.347000	0.347000	0.302500	
1000	0.334000	0.451040	1000	0.334000	0.334000	0.302529	
1000	0.330000	0.451040	1000	0.330000	0.330000	0.302554	
1000	0.292000	0.451040	1000	0.292000	0.292000	0.302544	
1000	0.284000	0.451040	1000	0.284000	0.284000	0.302527	
1000	0.240000	0.451040	1000	0.240000	0.240000	0.302470	
1000	0.323000	0.451040	1000	0.323000	0.323000	0.302489	
1000	0.320000	0.451040	1000	0.320000	0.320000	0.302505	
1000	0.307000	0.451040	1000	0.307000	0.307000	0.302509	
1000	0.303000	0.451040	1000	0.303000	0.303000	0.302509	
1000	0.318000	0.451040	1000	0.318000	0.318000	0.302523	
1000	0.360000	0.451040	1000	0.360000	0.360000	0.302576	
1000	0.332000	0.451040	1000	0.332000	0.332000	0.302603	
1000	0.334000	0.451040	1000	0.334000	0.334000	0.302631	
1000	0.318000	0.451040	1000	0.318000	0.318000	0.302645	
1000	0.321000	0.451040	1000	0.321000	0.321000	0.302662	
1000	0.316000	0.451040	1000	0.316000	0.316000	0.302674	
